3.254101731211713400e+01 8.716397014126807008e+00
2.824993235198835251e+01 4.500671881264707963e+00
3.346668416223967313e+01 9.206097652132262610e+00
2.558056594759747782e+01 5.872511295849728086e+00
3.411304918280049492e+01 7.496420749261950789e+00
2.946343205602623172e+01 5.140677729592649570e+00
2.564725437737608615e+01 4.794268408092118072e+00
2.346849274568468857e+01 3.925105351367054407e+00
2.676762546624143724e+01 6.304085946931222040e+00
2.533089242845417743e+01 3.618783186152495723e+00
3.457186725867654786e+01 4.110436104611897790e+00
3.284622497049991807e+01 3.697706325416895368e+00
2.601343432064336980e+01 5.320725865374257957e+00
2.885827197194619131e+01 2.755491133315034258e+00
2.935678936029264108e+01 2.700838427508377659e+00
2.549918050290754579e+01 5.730069671657089359e+00
2.623528769705289321e+01 4.655860368901079127e+00
2.572220378112664108e+01 5.670145362481275875e+00
3.441321842351855764e+01 2.679186104891073672e+00
4.659795388040166841e+01 3.892389261104166387e+00
3.795232589039608939e+01 5.961623898668090504e+00
3.530618698854701165e+01 3.809968104718063575e+00
3.476405890642063667e+01 3.866760434510106759e+00
4.770559725576267596e+01 4.664278129675461848e+00
4.118777878823681959e+01 3.111214597074164256e+00
3.903612462272504757e+01 3.106577728843782804e+00
3.831142519349504028e+01 3.133323050989704761e+00
4.011808097302779430e+01 3.414537482745388708e+00
3.959437993728454330e+01 2.748043676622563769e+00
4.302527625680659895e+01 3.605128898781036817e+00
4.667117145219565089e+01 3.586917985105063433e+00
4.091558621694384357e+01 3.972110480171861635e+00
4.545194119181147130e+01 3.999991348115431666e+00
4.117886197899685641e+01 5.689172015979238495e+00
3.634993780434857058e+01 3.054835776272075698e+00
4.072329796795049361e+01 3.637606451460986712e+00
3.702299327963814335e+01 3.725427986995749396e+00
3.749262337175436244e+01 2.900720362129215246e+00
3.623060479654898103e+01 3.283700327525023610e+00
3.452042703677734181e+01 3.499120748429700001e+00
4.650706914896976230e+01 4.055184234155638556e+00
3.906643951534179138e+01 3.921376350598178462e+00
4.470779016704290143e+01 5.414627386781687868e+00
3.626517383928698735e+01 5.772947471080525972e+00
3.965882349551914388e+01 4.311694094465321925e+00
4.048465123252623954e+01 4.836428359033834390e+00
4.386346512211363802e+01 3.552320463107188964e+00
4.308124793079763037e+01 5.168323831827791537e+00
3.810171555329380766e+01 5.427441511269861962e+00
3.963011842677050822e+01 5.501287851548771535e+00
3.801520939467095417e+01 4.992597379357264664e+00
4.250649202611731425e+01 5.754795901116780854e+00
4.442321773450204603e+01 4.345478185249200820e+00
5.823223058354906101e+01 6.293155391443735702e+00
5.568256536698475401e+01 6.970408384775836907e+00
4.433667303808799431e+01 7.425861829692218308e+00
4.514305816316262820e+01 6.364500277310109588e+00
4.185842397998577979e+01 7.319741154471724798e+00
4.359341330836484474e+01 6.178323765159213110e+00
4.048803207985684338e+01 5.497379021743121541e+00
