0.000000000000000000e+00
2.101576182136602466e-02
4.290718038528896355e-02
6.830122591943957322e-02
8.493870402802101982e-02
1.147110332749562145e-01
1.322241681260945823e-01
1.619964973730297630e-01
1.882661996497373147e-01
2.101576182136602466e-01
2.399299474605954552e-01
2.626970227670752944e-01
2.889667250437828461e-01
3.108581436077058058e-01
3.388791593695271720e-01
3.555166374781085770e-01
3.992994746059544409e-01
4.185639229422066787e-01
4.430823117338003603e-01
4.676007005253940418e-01
4.947460595446585008e-01
5.183887915936952195e-01
5.394045534150613275e-01
5.647985989492119163e-01
5.814360770577933213e-01
6.059544658493870584e-01
6.225919439579684633e-01
6.409807355516637939e-01
6.602451838879159762e-01
6.760070052539404184e-01
6.873905429071803797e-01
7.014010507880911183e-01
7.127845884413309685e-01
7.224168126094571152e-01
7.320490367775831508e-01
7.408056042031523347e-01
7.486865148861646668e-01
7.556917688266199251e-01
7.697022767075306637e-01
7.784588441330998476e-01
7.898423817863398089e-01
7.977232924693520300e-01
8.064798598949212138e-01
8.152364273204903977e-01
8.239929947460595816e-01
8.292469352014010253e-01
8.353765323992994318e-01
8.432574430823117639e-01
8.441330998248686157e-01
8.485113835376532077e-01
8.537653239929947624e-01
8.555166374781085770e-01
8.607705779334501317e-01
8.625218914185639463e-01
8.633975481611207980e-01
8.651488616462347236e-01
8.669001751313485382e-01
8.669001751313485382e-01
8.686514886164623528e-01
8.704028021015761674e-01
8.747810858143607593e-01
8.800350262697023140e-01
8.844133099824869060e-01
8.844133099824869060e-01
8.861646234676007206e-01
8.887915936952714979e-01
8.905429071803853125e-01
8.914185639229421643e-01
8.922942206654991271e-01
8.931698774080560899e-01
8.940455341506129416e-01
8.940455341506129416e-01
8.949211908931699044e-01
8.949211908931699044e-01
8.975481611208406818e-01
8.992994746059544964e-01
9.028021015761821255e-01
9.036777583187390883e-01
9.045534150612959401e-01
9.071803852889667175e-01
9.106830122591943466e-01
9.141856392294220868e-01
9.150612959719789385e-01
9.159369527145359013e-01
9.159369527145359013e-01
9.168126094570928641e-01
9.168126094570928641e-01
9.176882661996497159e-01
9.176882661996497159e-01
9.176882661996497159e-01
9.176882661996497159e-01
9.176882661996497159e-01
9.185639229422066787e-01
9.194395796847635305e-01
9.220665499124343079e-01
9.229422066549912707e-01
9.238178633975481224e-01
9.238178633975481224e-01
9.238178633975481224e-01
9.238178633975481224e-01
9.255691768826620480e-01
9.255691768826620480e-01
9.264448336252188998e-01
9.264448336252188998e-01
9.273204903677758626e-01
9.281961471103327144e-01
9.299474605954466400e-01
9.299474605954466400e-01
9.308231173380034917e-01
9.316987740805604545e-01
9.325744308231173063e-01
9.334500875656742691e-01
9.360770577933450465e-01
9.369527145359018983e-01
9.369527145359018983e-01
9.378283712784588610e-01
9.395796847635726756e-01
9.413309982486864902e-01
9.413309982486864902e-01
9.422066549912434530e-01
9.439579684763572676e-01
9.439579684763572676e-01
9.439579684763572676e-01
9.448336252189142304e-01
9.457092819614710821e-01
9.457092819614710821e-01
9.457092819614710821e-01
9.457092819614710821e-01
9.465849387040280449e-01
9.465849387040280449e-01
9.474605954465848967e-01
9.492119089316988223e-01
9.509632224168126369e-01
9.509632224168126369e-01
9.509632224168126369e-01
9.509632224168126369e-01
9.509632224168126369e-01
9.518388791593694886e-01
9.527145359019264514e-01
9.527145359019264514e-01
9.535901926444834142e-01
9.535901926444834142e-01
9.535901926444834142e-01
9.535901926444834142e-01
9.535901926444834142e-01
9.553415061295972288e-01
9.562171628721540806e-01
9.562171628721540806e-01
9.579684763572680062e-01
9.588441330998248580e-01
