0.000000000000000000e+00
1.926444833625218928e-02
3.765323992994745739e-02
5.779334500875656783e-02
7.092819614711033671e-02
9.544658493870403215e-02
1.138353765323992933e-01
1.366024518388791464e-01
1.549912434325744215e-01
1.760070052539404462e-01
1.996497373029772204e-01
2.171628721541155882e-01
2.425569176882662048e-01
2.661996497373029791e-01
2.924693520140105307e-01
3.117338003502627131e-01
3.555166374781085770e-01
3.774080560420315367e-01
4.080560420315236247e-01
4.334500875656742691e-01
4.640980735551663572e-01
4.903677758318739088e-01
5.131348511383537758e-01
5.332749562171629210e-01
5.569176882661996952e-01
5.796847635726795067e-01
5.971978984238178745e-01
6.173380035026270196e-01
6.339754816112084246e-01
6.514886164623467923e-01
6.628721541155866426e-01
6.803852889667250103e-01
6.935201401050787862e-01
7.092819614711033394e-01
7.215411558669001524e-01
7.320490367775831508e-01
7.451838879159369267e-01
7.521891418563922960e-01
7.635726795096322572e-01
7.749562171628721075e-01
7.854640980735552169e-01
7.942206654991242898e-01
8.056042031523642510e-01
8.134851138353765831e-01
8.204903677758318414e-01
8.274956217162872107e-01
8.336252189141856173e-01
8.406304728546409866e-01
8.432574430823117639e-01
8.450087565674255785e-01
8.485113835376532077e-01
8.520140105078809478e-01
8.555166374781085770e-01
8.598949211908931689e-01
8.642732049036777608e-01
8.651488616462347236e-01
8.677758318739053900e-01
8.695271453590193156e-01
8.721541155866899819e-01
8.721541155866899819e-01
8.747810858143607593e-01
8.765323992994745739e-01
8.782837127845883884e-01
8.782837127845883884e-01
8.800350262697023140e-01
8.800350262697023140e-01
8.809106830122591658e-01
8.809106830122591658e-01
8.826619964973729804e-01
8.835376532399299432e-01
8.852889667250437578e-01
8.870402802101575723e-01
8.887915936952714979e-01
8.896672504378283497e-01
8.914185639229421643e-01
8.914185639229421643e-01
8.931698774080560899e-01
8.940455341506129416e-01
8.957968476357267562e-01
8.975481611208406818e-01
8.984238178633975336e-01
9.001751313485113482e-01
9.001751313485113482e-01
9.001751313485113482e-01
9.028021015761821255e-01
9.036777583187390883e-01
9.036777583187390883e-01
9.045534150612959401e-01
9.054290718038529029e-01
9.054290718038529029e-01
9.080560420315236803e-01
9.089316987740805320e-01
9.106830122591943466e-01
9.106830122591943466e-01
9.115586690017513094e-01
9.115586690017513094e-01
9.115586690017513094e-01
9.115586690017513094e-01
9.115586690017513094e-01
9.115586690017513094e-01
9.115586690017513094e-01
9.115586690017513094e-01
9.115586690017513094e-01
9.115586690017513094e-01
9.115586690017513094e-01
9.115586690017513094e-01
9.115586690017513094e-01
9.124343257443082722e-01
9.124343257443082722e-01
9.124343257443082722e-01
9.124343257443082722e-01
9.124343257443082722e-01
9.124343257443082722e-01
9.124343257443082722e-01
9.133099824868651240e-01
9.133099824868651240e-01
9.133099824868651240e-01
9.133099824868651240e-01
9.133099824868651240e-01
9.133099824868651240e-01
9.141856392294220868e-01
9.141856392294220868e-01
9.141856392294220868e-01
9.141856392294220868e-01
9.141856392294220868e-01
9.141856392294220868e-01
9.141856392294220868e-01
9.141856392294220868e-01
9.141856392294220868e-01
9.141856392294220868e-01
9.141856392294220868e-01
9.141856392294220868e-01
9.141856392294220868e-01
9.141856392294220868e-01
9.141856392294220868e-01
9.141856392294220868e-01
9.141856392294220868e-01
9.141856392294220868e-01
9.141856392294220868e-01
9.141856392294220868e-01
9.141856392294220868e-01
9.141856392294220868e-01
9.141856392294220868e-01
9.141856392294220868e-01
9.141856392294220868e-01
9.141856392294220868e-01
9.141856392294220868e-01
9.141856392294220868e-01
9.141856392294220868e-01
9.141856392294220868e-01
