
1430446044.6 0 0 0 0 0 0 0 0 0 0 0 0 0 0 0 0 0 0 0 0 0 0 0 0 0 0 0 0 0 0 0 0 0 0 0 0 0 0 0 0 24 0 31 0 28 40 20 44 34 62 44 52 19 25 33 32 0 0 0 0 0 
1430446045.1 0 0 0 0 0 0 0 0 0 0 0 0 0 0 0 0 0 0 0 0 0 0 0 0 0 0 0 0 0 0 0 0 0 0 0 0 0 0 0 0 24 0 31 0 28 40 20 44 34 62 44 52 19 25 33 32 0 0 0 0 0 
1430446045.62 0 0 0 0 0 0 0 0 0 0 0 0 0 0 0 0 0 0 0 0 0 0 0 0 0 0 0 0 0 0 0 0 0 0 0 0 0 0 0 0 24 0 31 0 28 40 20 44 34 62 44 52 19 25 33 32 0 0 0 0 0 
1430446046.13 0 0 0 0 0 0 0 0 0 0 0 0 0 0 0 0 0 0 0 0 0 0 0 0 0 0 0 0 0 0 0 0 0 0 0 0 0 0 0 0 24 0 31 0 28 40 20 44 34 62 44 52 19 25 33 32 0 0 0 0 0 
1430446046.66 0 0 0 0 0 0 0 0 0 0 0 0 0 0 0 0 0 0 0 0 0 0 0 0 0 0 0 0 0 0 0 0 0 0 0 0 0 0 0 0 24 0 31 0 28 40 20 44 34 62 44 52 19 25 33 32 0 0 0 0 0 
1430446047.19 0 0 0 0 0 0 0 0 0 0 0 0 0 0 0 0 0 0 0 0 0 0 0 0 0 0 0 0 0 0 0 0 0 0 0 0 0 0 0 0 24 0 31 0 28 40 20 44 34 62 44 52 19 25 33 32 0 0 0 0 0 
1430446047.73 0 0 0 0 0 0 0 0 0 0 0 0 0 0 0 0 0 0 0 0 0 0 0 0 0 0 0 0 0 0 0 0 0 0 0 0 0 0 0 0 24 0 31 0 11 17 20 19 11 22 24 26 33 18 35 39 0 0 0 0 0 
1430446048.26 0 0 0 0 0 0 0 0 0 0 0 0 0 0 0 0 0 0 0 0 0 0 0 0 0 0 0 0 0 0 0 0 0 0 0 0 0 0 0 0 24 0 31 0 11 17 20 19 11 22 24 26 33 18 35 39 0 0 0 0 0 
1430446048.79 0 0 0 0 0 0 0 0 0 0 0 0 0 0 0 0 0 0 0 0 0 0 0 0 0 0 0 0 0 0 0 0 0 0 0 0 0 0 0 0 24 0 31 0 11 17 20 19 11 22 24 26 33 18 35 39 0 0 0 0 0 
1430446049.3 0 0 0 0 0 0 0 0 0 0 0 0 0 0 0 0 0 0 0 0 0 0 0 0 0 0 0 0 0 0 0 0 0 0 0 0 0 0 0 0 24 0 31 0 11 17 20 19 11 22 24 26 33 18 35 39 0 0 0 0 0 
1430446049.84 0 0 0 0 0 0 0 0 0 0 0 0 0 0 0 0 0 0 0 0 0 0 0 0 0 0 0 0 0 0 0 0 0 0 0 0 0 0 0 0 24 0 31 0 11 17 20 19 11 22 24 26 33 18 35 39 0 0 0 0 0 
1430446050.38 0 0 0 0 0 0 0 0 0 0 0 0 0 0 0 0 0 0 0 0 0 0 0 0 0 0 0 0 0 0 0 0 0 0 0 0 0 0 0 0 24 0 11 0 10 19 12 17 17 27 25 40 24 14 43 33 0 0 0 0 0 
1430446050.91 0 0 0 0 0 0 0 0 0 0 0 0 0 0 0 0 0 0 0 0 0 0 0 0 0 0 0 0 0 0 0 0 0 0 0 0 0 0 0 0 24 0 11 0 10 19 12 17 17 27 25 40 24 14 43 33 0 0 0 0 0 
1430446051.43 0 0 0 0 0 0 0 0 0 0 0 0 0 0 0 0 0 0 0 0 0 0 0 0 0 0 0 0 0 0 0 0 0 0 0 0 0 0 0 0 24 0 11 0 10 19 12 17 17 27 25 40 24 14 43 33 0 0 0 0 0 
1430446051.97 0 0 0 0 0 0 0 0 0 0 0 0 0 0 0 0 0 0 0 0 0 0 0 0 0 0 0 0 0 0 0 0 0 0 0 0 0 0 0 0 24 0 11 0 10 19 12 17 17 27 25 40 24 14 43 33 0 0 0 0 0 
1430446052.49 0 0 0 0 0 0 0 0 0 0 0 0 0 0 0 0 0 0 0 0 0 0 0 0 0 0 0 0 0 0 0 0 0 0 0 0 0 0 0 0 24 0 11 0 10 16 9 17 15 25 32 35 26 19 38 34 0 0 0 0 0 
1430446053.0 0 0 0 0 0 0 0 0 0 0 0 0 0 0 0 0 0 0 0 0 0 0 0 0 0 0 0 0 0 0 0 0 0 0 0 0 0 0 0 0 24 0 11 0 10 16 9 17 15 25 32 35 26 19 38 34 0 0 0 0 0 
1430446053.51 0 0 0 0 0 0 0 0 0 0 0 0 0 0 0 0 0 0 0 0 0 0 0 0 0 0 0 0 0 0 0 0 0 0 0 0 0 0 0 0 24 0 11 0 10 16 9 17 15 25 32 35 26 19 38 34 0 0 0 0 0 
1430446054.02 0 0 0 0 0 0 0 0 0 0 0 0 0 0 0 0 0 0 0 0 0 0 0 0 0 0 0 0 0 0 0 0 0 0 0 0 0 0 0 0 24 0 11 0 10 16 9 17 15 25 32 35 26 19 38 34 0 0 0 0 0 
1430446054.53 0 0 0 0 0 0 0 0 0 0 0 0 0 0 0 0 0 0 0 0 0 0 0 0 0 0 0 0 0 0 0 0 0 0 0 0 0 0 0 0 24 0 11 0 10 16 9 17 15 25 32 35 26 19 38 34 0 0 0 0 0 
1430446055.08 0 0 0 0 0 0 0 0 0 0 0 0 0 0 0 0 0 0 0 0 0 0 0 0 0 0 0 0 0 0 0 0 0 0 0 0 0 0 0 0 24 10 11 0 15 10 18 17 18 24 35 42 31 25 29 36 0 0 0 0 0 
1430446055.59 0 0 0 0 0 0 0 0 0 0 0 0 0 0 0 0 0 0 0 0 0 0 0 0 0 0 0 0 0 0 0 0 0 0 0 0 0 0 0 0 24 10 11 0 15 10 18 17 18 24 35 42 31 25 29 36 0 0 0 0 0 
1430446056.13 0 0 0 0 0 0 0 0 0 0 0 0 0 0 0 0 0 0 0 0 0 0 0 0 0 0 0 0 0 0 0 0 0 0 0 0 0 0 0 0 24 10 11 0 15 10 18 17 18 24 35 42 31 25 29 36 0 0 0 0 0 
1430446056.66 0 0 0 0 0 0 0 0 0 0 0 0 0 0 0 0 0 0 0 0 0 0 0 0 0 0 0 0 0 0 0 0 0 0 0 0 0 0 0 0 24 10 11 0 15 10 18 17 18 24 35 42 31 25 29 36 0 0 0 0 0 
1430446057.18 0 0 0 0 0 0 0 0 0 0 0 0 0 0 0 0 0 0 0 0 0 0 0 0 0 0 0 0 0 0 0 0 0 0 0 0 0 0 0 0 24 10 11 0 15 10 18 17 18 24 35 42 31 25 29 36 0 0 0 0 0 
1430446057.7 0 0 0 0 0 0 0 0 0 0 0 0 0 0 0 0 0 0 0 0 0 0 0 0 0 0 0 0 0 0 0 0 0 0 0 0 0 0 0 0 24 10 11 0 15 11 17 25 16 29 35 26 29 19 31 34 0 0 0 0 0 
1430446058.21 0 0 0 0 0 0 0 0 0 0 0 0 0 0 0 0 0 0 0 0 0 0 0 0 0 0 0 0 0 0 0 0 0 0 0 0 0 0 0 0 24 10 11 0 15 11 17 25 16 29 35 26 29 19 31 34 0 0 0 0 0 
1430446058.73 0 0 0 0 0 0 0 0 0 0 0 0 0 0 0 0 0 0 0 0 0 0 0 0 0 0 0 0 0 0 0 0 0 0 0 0 0 0 0 0 24 10 11 0 15 11 17 25 16 29 35 26 29 19 31 34 0 0 0 0 0 
1430446059.26 0 0 0 0 0 0 0 0 0 0 0 0 0 0 0 0 0 0 0 0 0 0 0 0 0 0 0 0 0 0 0 0 0 0 0 0 0 0 0 0 24 10 11 0 15 11 17 25 16 29 35 26 29 19 31 34 0 0 0 0 0 
1430446059.78 0 0 0 0 0 0 0 0 0 0 0 0 0 0 0 0 0 0 0 0 0 0 0 0 0 0 0 0 0 0 0 0 0 0 0 0 0 0 0 0 24 10 11 0 15 11 17 25 16 29 35 26 29 19 31 34 0 0 0 0 0 
1430446060.31 0 0 0 0 0 0 0 0 0 0 0 0 0 0 0 0 0 0 0 0 0 0 0 0 0 0 0 0 0 0 0 0 0 0 0 0 0 0 0 0 24 13 11 0 19 18 15 25 22 33 26 29 38 34 32 30 0 0 0 0 0 
1430446060.82 0 0 0 0 0 0 0 0 0 0 0 0 0 0 0 0 0 0 0 0 0 0 0 0 0 0 0 0 0 0 0 0 0 0 0 0 0 0 0 0 24 13 11 0 19 18 15 25 22 33 26 29 38 34 32 30 0 0 0 0 0 
1430446061.35 0 0 0 0 0 0 0 0 0 0 0 0 0 0 0 0 0 0 0 0 0 0 0 0 0 0 0 0 0 0 0 0 0 0 0 0 0 0 0 0 24 13 11 0 19 18 15 25 22 33 26 29 38 34 32 30 0 0 0 0 0 
1430446061.88 0 0 0 0 0 0 0 0 0 0 0 0 0 0 0 0 0 0 0 0 0 0 0 0 0 0 0 0 0 0 0 0 0 0 0 0 0 0 0 0 24 13 11 0 19 18 15 25 22 33 26 29 38 34 32 30 0 0 0 0 0 
1430446062.41 0 0 0 0 0 0 0 0 0 0 0 0 0 0 0 0 0 0 0 0 0 0 0 0 0 0 0 0 0 0 0 0 0 0 0 0 0 0 0 0 24 13 11 0 19 18 15 25 22 33 26 29 38 34 32 30 0 0 0 0 0 
1430446062.92 0 0 0 0 0 0 0 0 0 0 0 0 0 0 0 0 0 0 0 0 0 0 0 0 0 0 0 0 0 0 0 0 0 0 0 0 0 0 0 0 14 13 11 0 13 18 24 18 11 30 32 42 34 29 26 19 0 0 0 0 0 
1430446063.43 0 0 0 0 0 0 0 0 0 0 0 0 0 0 0 0 0 0 0 0 0 0 0 0 0 0 0 0 0 0 0 0 0 0 0 0 0 0 0 0 14 13 11 0 13 18 24 18 11 30 32 42 34 29 26 19 0 0 0 0 0 
1430446063.96 0 0 0 0 0 0 0 0 0 0 0 0 0 0 0 0 0 0 0 0 0 0 0 0 0 0 0 0 0 0 0 0 0 0 0 0 0 0 0 0 14 13 11 0 13 18 24 18 11 30 32 42 34 29 26 19 0 0 0 0 0 
1430446064.49 0 0 0 0 0 0 0 0 0 0 0 0 0 0 0 0 0 0 0 0 0 0 0 0 0 0 0 0 0 0 0 0 0 0 0 0 0 0 0 0 14 13 11 0 13 18 24 18 11 30 32 42 34 29 26 19 0 0 0 0 0 
1430446065.03 0 0 0 0 0 0 0 0 0 0 0 0 0 0 0 0 0 0 0 0 0 0 0 0 0 0 0 0 0 0 0 0 0 0 0 0 0 0 0 0 14 13 11 0 13 18 24 18 11 30 32 42 34 29 26 19 0 0 0 0 0 
1430446065.56 0 0 0 0 0 0 0 0 0 0 0 0 0 0 0 0 0 0 0 0 0 0 0 0 0 0 0 0 0 0 0 0 0 0 0 0 0 0 0 0 14 13 11 0 13 12 24 24 30 38 23 33 34 22 20 14 0 0 0 0 0 
1430446066.06 0 0 0 0 0 0 0 0 0 0 0 0 0 0 0 0 0 0 0 0 0 0 0 0 0 0 0 0 0 0 0 0 0 0 0 0 0 0 0 0 14 13 11 0 13 12 24 24 30 38 23 33 34 22 20 14 0 0 0 0 0 
1430446066.59 0 0 0 0 0 0 0 0 0 0 0 0 0 0 0 0 0 0 0 0 0 0 0 0 0 0 0 0 0 0 0 0 0 0 0 0 0 0 0 0 14 13 11 0 13 12 24 24 30 38 23 33 34 22 20 14 0 0 0 0 0 
1430446067.12 0 0 0 0 0 0 0 0 0 0 0 0 0 0 0 0 0 0 0 0 0 0 0 0 0 0 0 0 0 0 0 0 0 0 0 0 0 0 0 0 14 13 11 0 13 12 24 24 30 38 23 33 34 22 20 14 0 0 0 0 0 
1430446067.65 0 0 0 0 0 0 0 0 0 0 0 0 0 0 0 0 0 0 0 0 0 0 0 0 0 0 0 0 0 0 0 0 0 0 0 0 0 0 0 0 14 13 11 0 13 12 24 24 30 38 23 33 34 22 20 14 0 0 0 0 0 
1430446068.18 0 0 0 0 0 0 0 0 0 0 0 0 0 0 0 0 0 0 0 0 0 0 0 0 0 0 0 0 0 0 0 0 0 0 0 0 0 0 0 0 14 13 11 0 16 19 19 21 31 38 40 45 29 19 19 21 0 0 0 0 0 
1430446068.69 0 0 0 0 0 0 0 0 0 0 0 0 0 0 0 0 0 0 0 0 0 0 0 0 0 0 0 0 0 0 0 0 0 0 0 0 0 0 0 0 14 13 11 0 16 19 19 21 31 38 40 45 29 19 19 21 0 0 0 0 0 
1430446069.23 0 0 0 0 0 0 0 0 0 0 0 0 0 0 0 0 0 0 0 0 0 0 0 0 0 0 0 0 0 0 0 0 0 0 0 0 0 0 0 0 14 13 11 0 16 19 19 21 31 38 40 45 29 19 19 21 0 0 0 0 0 
1430446069.74 0 0 0 0 0 0 0 0 0 0 0 0 0 0 0 0 0 0 0 0 0 0 0 0 0 0 0 0 0 0 0 0 0 0 0 0 0 0 0 0 14 13 11 0 16 19 19 21 31 38 40 45 29 19 19 21 0 0 0 0 0 
1430446070.28 0 0 0 0 0 0 0 0 0 0 0 0 0 0 0 0 0 0 0 0 0 0 0 0 0 0 0 0 0 0 0 0 0 0 0 0 0 0 0 0 14 13 11 0 16 19 19 21 31 38 40 45 29 19 19 21 0 0 0 0 0 
1430446070.82 0 0 0 0 0 0 0 0 0 0 0 0 0 0 0 0 0 0 0 0 0 0 0 0 0 0 0 0 0 0 0 0 0 0 0 0 0 0 0 0 14 13 11 0 16 19 28 27 39 23 35 37 23 14 21 14 0 0 0 0 0 
1430446071.33 0 0 0 0 0 0 0 0 0 0 0 0 0 0 0 0 0 0 0 0 0 0 0 0 0 0 0 0 0 0 0 0 0 0 0 0 0 0 0 0 14 13 11 0 16 19 28 27 39 23 35 37 23 14 21 14 0 0 0 0 0 
1430446071.85 0 0 0 0 0 0 0 0 0 0 0 0 0 0 0 0 0 0 0 0 0 0 0 0 0 0 0 0 0 0 0 0 0 0 0 0 0 0 0 0 14 13 11 0 16 19 28 27 39 23 35 37 23 14 21 14 0 0 0 0 0 
1430446072.38 0 0 0 0 0 0 0 0 0 0 0 0 0 0 0 0 0 0 0 0 0 0 0 0 0 0 0 0 0 0 0 0 0 0 0 0 0 0 0 0 14 13 11 0 16 19 28 27 39 23 35 37 23 14 21 14 0 0 0 0 0 
1430446072.91 0 0 0 0 0 0 0 0 0 0 0 0 0 0 0 0 0 0 0 0 0 0 0 0 0 0 0 0 0 0 0 0 0 0 0 0 0 0 0 0 14 13 11 0 16 19 28 27 39 23 35 37 23 14 21 14 0 0 0 0 0 
1430446073.44 0 0 0 0 0 0 0 0 0 0 0 0 0 0 0 0 0 0 0 0 0 0 0 0 0 0 0 0 0 0 0 0 0 0 0 0 0 0 0 0 14 13 11 0 25 17 26 9 39 35 24 34 27 17 21 18 0 0 0 0 0 
1430446073.95 0 0 0 0 0 0 0 0 0 0 0 0 0 0 0 0 0 0 0 0 0 0 0 0 0 0 0 0 0 0 0 0 0 0 0 0 0 0 0 0 14 13 11 0 25 17 26 9 39 35 24 34 27 17 21 18 0 0 0 0 0 
1430446074.49 0 0 0 0 0 0 0 0 0 0 0 0 0 0 0 0 0 0 0 0 0 0 0 0 0 0 0 0 0 0 0 0 0 0 0 0 0 0 0 0 14 13 11 0 25 17 26 9 39 35 24 34 27 17 21 18 0 0 0 0 0 
1430446075.03 0 0 0 0 0 0 0 0 0 0 0 0 0 0 0 0 0 0 0 0 0 0 0 0 0 0 0 0 0 0 0 0 0 0 0 0 0 0 0 0 14 13 11 0 25 17 26 9 39 35 24 34 27 17 21 18 0 0 0 0 0 
1430446075.56 0 0 0 0 0 0 0 0 0 0 0 0 0 0 0 0 0 0 0 0 0 0 0 0 0 0 0 0 0 0 0 0 0 0 0 0 0 0 0 0 14 13 11 0 25 17 26 9 39 35 24 34 27 17 21 18 0 0 0 0 0 
1430446076.09 0 0 0 0 0 0 0 0 0 0 0 0 0 0 0 0 0 0 0 0 0 0 0 0 0 0 0 0 0 0 0 0 0 0 0 0 0 0 5 12 14 13 11 0 23 26 31 30 42 40 39 39 24 17 21 15 0 0 0 0 0 
1430446076.6 0 0 0 0 0 0 0 0 0 0 0 0 0 0 0 0 0 0 0 0 0 0 0 0 0 0 0 0 0 0 0 0 0 0 0 0 0 0 5 12 14 13 11 0 23 26 31 30 42 40 39 39 24 17 21 15 0 0 0 0 0 
1430446077.13 0 0 0 0 0 0 0 0 0 0 0 0 0 0 0 0 0 0 0 0 0 0 0 0 0 0 0 0 0 0 0 0 0 0 0 0 0 0 5 12 14 13 11 0 23 26 31 30 42 40 39 39 24 17 21 15 0 0 0 0 0 
1430446077.67 0 0 0 0 0 0 0 0 0 0 0 0 0 0 0 0 0 0 0 0 0 0 0 0 0 0 0 0 0 0 0 0 0 0 0 0 0 0 5 12 14 13 11 0 23 26 31 30 42 40 39 39 24 17 21 15 0 0 0 0 0 
1430446078.2 0 0 0 0 0 0 0 0 0 0 0 0 0 0 0 0 0 0 0 0 0 0 0 0 0 0 0 0 0 0 0 0 0 0 0 0 0 0 5 12 14 13 11 0 23 26 31 30 42 40 39 39 24 17 21 15 0 0 0 0 0 
1430446078.74 0 0 0 0 0 0 0 0 0 0 0 0 0 0 0 0 0 0 0 0 0 0 0 0 0 0 0 0 0 0 0 0 0 0 0 0 0 0 5 12 14 13 11 0 22 24 25 27 21 42 31 34 21 17 11 15 0 0 0 0 0 
1430446079.24 0 0 0 0 0 0 0 0 0 0 0 0 0 0 0 0 0 0 0 0 0 0 0 0 0 0 0 0 0 0 0 0 0 0 0 0 0 0 5 12 14 13 11 0 22 24 25 27 21 42 31 34 21 17 11 15 0 0 0 0 0 
1430446079.79 0 0 0 0 0 0 0 0 0 0 0 0 0 0 0 0 0 0 0 0 0 0 0 0 0 0 0 0 0 0 0 0 0 0 0 0 0 0 5 12 14 13 11 0 22 24 25 27 21 42 31 34 21 17 11 15 0 0 0 0 0 
1430446080.31 0 0 0 0 0 0 0 0 0 0 0 0 0 0 0 0 0 0 0 0 0 0 0 0 0 0 0 0 0 0 0 0 0 0 0 0 0 0 5 12 14 13 11 0 22 24 25 27 21 42 31 34 21 17 11 15 0 0 0 0 0 
1430446080.83 0 0 0 0 0 0 0 0 0 0 0 0 0 0 0 0 0 0 0 0 0 0 0 0 0 0 0 0 0 0 0 0 0 0 0 0 0 0 5 12 14 13 11 0 22 24 25 27 21 42 31 34 21 17 11 15 0 0 0 0 0 
1430446081.36 0 0 0 0 0 0 0 0 0 0 0 0 0 0 0 0 0 0 0 0 0 0 0 0 0 0 0 0 0 0 0 0 0 0 0 0 0 0 5 12 14 14 11 0 22 27 16 27 40 35 24 29 23 17 13 15 0 0 0 0 0 
1430446081.89 0 0 0 0 0 0 0 0 0 0 0 0 0 0 0 0 0 0 0 0 0 0 0 0 0 0 0 0 0 0 0 0 0 0 0 0 0 0 5 12 14 14 11 0 22 27 16 27 40 35 24 29 23 17 13 15 0 0 0 0 0 
1430446082.43 0 0 0 0 0 0 0 0 0 0 0 0 0 0 0 0 0 0 0 0 0 0 0 0 0 0 0 0 0 0 0 0 0 0 0 0 0 0 5 12 14 14 11 0 22 27 16 27 40 35 24 29 23 17 13 15 0 0 0 0 0 
1430446082.95 0 0 0 0 0 0 0 0 0 0 0 0 0 0 0 0 0 0 0 0 0 0 0 0 0 0 0 0 0 0 0 0 0 0 0 0 0 0 5 12 14 14 11 0 22 27 16 27 40 35 24 29 23 17 13 15 0 0 0 0 0 
1430446083.48 0 0 0 0 0 0 0 0 0 0 0 0 0 0 0 0 0 0 0 0 0 0 0 0 0 0 0 0 0 0 0 0 0 0 0 0 0 0 5 12 14 14 11 0 22 27 16 27 40 35 24 29 23 17 13 15 0 0 0 0 0 
1430446084.01 0 0 0 0 0 0 0 0 0 0 0 0 0 0 0 0 0 0 0 0 0 0 0 0 0 0 0 0 0 0 0 0 0 0 0 0 0 0 5 12 17 16 21 0 19 24 11 41 41 41 23 24 15 17 17 13 0 0 0 0 0 
1430446084.52 0 0 0 0 0 0 0 0 0 0 0 0 0 0 0 0 0 0 0 0 0 0 0 0 0 0 0 0 0 0 0 0 0 0 0 0 0 0 5 12 17 16 21 0 19 24 11 41 41 41 23 24 15 17 17 13 0 0 0 0 0 
1430446085.06 0 0 0 0 0 0 0 0 0 0 0 0 0 0 0 0 0 0 0 0 0 0 0 0 0 0 0 0 0 0 0 0 0 0 0 0 0 0 5 12 17 16 21 0 19 24 11 41 41 41 23 24 15 17 17 13 0 0 0 0 0 
1430446085.57 0 0 0 0 0 0 0 0 0 0 0 0 0 0 0 0 0 0 0 0 0 0 0 0 0 0 0 0 0 0 0 0 0 0 0 0 0 0 5 12 17 16 21 0 19 24 11 41 41 41 23 24 15 17 17 13 0 0 0 0 0 
1430446086.13 0 0 0 0 0 0 0 0 0 0 0 0 0 0 0 0 0 0 0 0 0 0 0 0 0 0 0 0 0 0 0 0 0 0 0 0 0 0 5 12 17 16 21 0 19 24 11 41 41 41 23 24 15 17 17 13 0 0 0 0 0 
1430446086.67 0 0 0 0 0 0 0 0 0 0 0 0 0 0 0 0 0 0 0 0 0 0 0 0 0 0 0 0 0 0 0 0 0 0 0 0 0 0 5 12 17 16 21 0 16 30 35 39 36 34 15 26 15 17 17 17 0 0 0 0 0 
1430446087.19 0 0 0 0 0 0 0 0 0 0 0 0 0 0 0 0 0 0 0 0 0 0 0 0 0 0 0 0 0 0 0 0 0 0 0 0 0 0 5 12 17 16 21 0 16 30 35 39 36 34 15 26 15 17 17 17 0 0 0 0 0 
1430446087.72 0 0 0 0 0 0 0 0 0 0 0 0 0 0 0 0 0 0 0 0 0 0 0 0 0 0 0 0 0 0 0 0 0 0 0 0 0 0 5 12 17 16 21 0 16 30 35 39 36 34 15 26 15 17 17 17 0 0 0 0 0 
1430446088.25 0 0 0 0 0 0 0 0 0 0 0 0 0 0 0 0 0 0 0 0 0 0 0 0 0 0 0 0 0 0 0 0 0 0 0 0 0 0 5 12 17 16 21 0 16 30 35 39 36 34 15 26 15 17 17 17 0 0 0 0 0 
1430446088.78 0 0 0 0 0 0 0 0 0 0 0 0 0 0 0 0 0 0 0 0 0 0 0 0 0 0 0 0 0 0 0 0 0 0 0 0 0 0 5 12 17 16 21 0 16 30 35 39 36 34 15 26 15 17 17 17 0 0 0 0 0 
1430446089.32 0 0 0 0 0 0 0 0 0 0 0 0 0 0 0 0 0 14 0 0 0 0 0 0 0 0 0 0 0 0 0 0 0 0 0 0 0 0 5 12 17 16 21 0 23 27 12 42 24 35 24 23 15 17 23 17 0 0 0 0 0 
1430446089.83 0 0 0 0 0 0 0 0 0 0 0 0 0 0 0 0 0 14 0 0 0 0 0 0 0 0 0 0 0 0 0 0 0 0 0 0 0 0 5 12 17 16 21 0 23 27 12 42 24 35 24 23 15 17 23 17 0 0 0 0 0 
1430446090.37 0 0 0 0 0 0 0 0 0 0 0 0 0 0 0 0 0 14 0 0 0 0 0 0 0 0 0 0 0 0 0 0 0 0 0 0 0 0 5 12 17 16 21 0 23 27 12 42 24 35 24 23 15 17 23 17 0 0 0 0 0 
1430446090.89 0 0 0 0 0 0 0 0 0 0 0 0 0 0 0 0 0 14 0 0 0 0 0 0 0 0 0 0 0 0 0 0 0 0 0 0 0 0 5 12 17 16 21 0 23 27 12 42 24 35 24 23 15 17 23 17 0 0 0 0 0 
1430446091.4 0 0 0 0 0 0 0 0 0 0 0 0 0 0 0 0 0 14 0 0 0 0 0 0 0 0 0 0 0 0 0 0 0 0 0 0 0 0 5 12 17 16 21 0 23 27 12 42 24 35 24 23 15 17 23 17 0 0 0 0 0 
1430446091.92 0 0 0 0 0 0 0 0 0 0 0 0 0 0 10 0 0 11 0 0 0 0 0 0 0 0 0 0 0 0 0 0 0 0 0 0 0 0 9 10 14 14 21 0 23 34 40 34 20 25 24 23 13 17 12 13 0 0 0 0 0 
1430446092.44 0 0 0 0 0 0 0 0 0 0 0 0 0 0 10 0 0 11 0 0 0 0 0 0 0 0 0 0 0 0 0 0 0 0 0 0 0 0 9 10 14 14 21 0 23 34 40 34 20 25 24 23 13 17 12 13 0 0 0 0 0 
1430446092.97 0 0 0 0 0 0 0 0 0 0 0 0 0 0 10 0 0 11 0 0 0 0 0 0 0 0 0 0 0 0 0 0 0 0 0 0 0 0 9 10 14 14 21 0 23 34 40 34 20 25 24 23 13 17 12 13 0 0 0 0 0 
1430446093.48 0 0 0 0 0 0 0 0 0 0 0 0 0 0 10 0 0 11 0 0 0 0 0 0 0 0 0 0 0 0 0 0 0 0 0 0 0 0 9 10 14 14 21 0 23 34 40 34 20 25 24 23 13 17 12 13 0 0 0 0 0 
1430446094.02 0 0 0 0 0 0 0 0 0 0 0 0 0 0 10 0 0 11 0 0 0 0 0 0 0 0 0 0 0 0 0 0 0 0 0 0 0 0 9 10 14 14 21 0 23 34 40 34 20 25 24 23 13 17 12 13 0 0 0 0 0 
1430446094.56 0 0 0 0 0 0 0 0 0 0 0 0 0 0 10 0 16 11 0 0 0 0 0 0 0 0 0 0 0 0 0 0 0 0 0 0 0 0 9 10 14 22 17 0 21 18 34 39 26 26 15 19 16 17 12 13 0 0 0 0 0 
1430446095.07 0 0 0 0 0 0 0 0 0 0 0 0 0 0 10 0 16 11 0 0 0 0 0 0 0 0 0 0 0 0 0 0 0 0 0 0 0 0 9 10 14 22 17 0 21 18 34 39 26 26 15 19 16 17 12 13 0 0 0 0 0 
1430446095.59 0 0 0 0 0 0 0 0 0 0 0 0 0 0 10 0 16 11 0 0 0 0 0 0 0 0 0 0 0 0 0 0 0 0 0 0 0 0 9 10 14 22 17 0 21 18 34 39 26 26 15 19 16 17 12 13 0 0 0 0 0 
1430446096.12 0 0 0 0 0 0 0 0 0 0 0 0 0 0 10 0 16 11 0 0 0 0 0 0 0 0 0 0 0 0 0 0 0 0 0 0 0 0 9 10 14 22 17 0 21 18 34 39 26 26 15 19 16 17 12 13 0 0 0 0 0 
1430446096.65 0 0 0 0 0 0 0 0 0 0 0 0 0 0 10 0 16 11 0 0 0 0 0 0 0 0 0 0 0 0 0 0 0 0 0 0 0 0 9 10 14 22 17 0 21 18 34 39 26 26 15 19 16 17 12 13 0 0 0 0 0 
1430446097.19 0 0 0 0 0 0 0 0 0 0 0 0 0 0 10 0 16 16 0 15 0 0 0 0 0 0 0 0 0 0 0 0 0 0 0 0 0 0 9 10 21 20 18 0 29 29 33 18 26 17 10 19 16 17 12 13 0 0 0 0 0 
1430446097.7 0 0 0 0 0 0 0 0 0 0 0 0 0 0 10 0 16 16 0 15 0 0 0 0 0 0 0 0 0 0 0 0 0 0 0 0 0 0 9 10 21 20 18 0 29 29 33 18 26 17 10 19 16 17 12 13 0 0 0 0 0 
1430446098.25 0 0 0 0 0 0 0 0 0 0 0 0 0 0 10 0 16 16 0 15 0 0 0 0 0 0 0 0 0 0 0 0 0 0 0 0 0 0 9 10 21 20 18 0 29 29 33 18 26 17 10 19 16 17 12 13 0 0 0 0 0 
1430446098.78 0 0 0 0 0 0 0 0 0 0 0 0 0 0 10 0 16 16 0 15 0 0 0 0 0 0 0 0 0 0 0 0 0 0 0 0 0 0 9 10 21 20 18 0 29 29 33 18 26 17 10 19 16 17 12 13 0 0 0 0 0 
1430446099.31 0 0 0 0 0 0 0 0 0 0 0 0 0 0 10 0 16 16 0 15 0 0 0 0 0 0 0 0 0 0 0 0 0 0 0 0 0 0 9 10 21 20 18 0 29 29 33 18 26 17 10 19 16 17 12 13 0 0 0 0 0 
1430446099.84 0 0 0 0 0 0 0 0 0 0 0 0 0 0 27 0 16 16 0 25 14 0 0 0 0 0 0 0 0 0 0 0 0 0 0 0 0 0 11 10 21 20 18 0 30 26 33 30 22 23 10 19 12 17 12 10 0 0 0 0 0 
1430446100.35 0 0 0 0 0 0 0 0 0 0 0 0 0 0 27 0 16 16 0 25 14 0 0 0 0 0 0 0 0 0 0 0 0 0 0 0 0 0 11 10 21 20 18 0 30 26 33 30 22 23 10 19 12 17 12 10 0 0 0 0 0 
1430446100.88 0 0 0 0 0 0 0 0 0 0 0 0 0 0 27 0 16 16 0 25 14 0 0 0 0 0 0 0 0 0 0 0 0 0 0 0 0 0 11 10 21 20 18 0 30 26 33 30 22 23 10 19 12 17 12 10 0 0 0 0 0 
1430446101.4 0 0 0 0 0 0 0 0 0 0 0 0 0 0 27 0 16 16 0 25 14 0 0 0 0 0 0 0 0 0 0 0 0 0 0 0 0 0 11 10 21 20 18 0 30 26 33 30 22 23 10 19 12 17 12 10 0 0 0 0 0 
1430446101.93 0 0 0 0 0 0 0 0 0 0 0 0 0 0 27 0 16 16 0 25 14 0 0 0 0 0 0 0 0 0 0 0 0 0 0 0 0 0 11 10 21 20 18 0 30 26 33 30 22 23 10 19 12 17 12 10 0 0 0 0 0 
1430446102.46 0 0 0 0 0 0 0 0 0 0 0 0 0 0 24 0 17 21 0 25 14 0 0 0 0 0 0 0 0 0 0 0 0 0 9 14 0 0 15 10 20 20 18 0 26 42 26 31 18 21 10 19 12 17 12 10 0 0 0 0 0 
1430446102.97 0 0 0 0 0 0 0 0 0 0 0 0 0 0 24 0 17 21 0 25 14 0 0 0 0 0 0 0 0 0 0 0 0 0 9 14 0 0 15 10 20 20 18 0 26 42 26 31 18 21 10 19 12 17 12 10 0 0 0 0 0 
1430446103.49 0 0 0 0 0 0 0 0 0 0 0 0 0 0 24 0 17 21 0 25 14 0 0 0 0 0 0 0 0 0 0 0 0 0 9 14 0 0 15 10 20 20 18 0 26 42 26 31 18 21 10 19 12 17 12 10 0 0 0 0 0 
1430446103.99 0 0 0 0 0 0 0 0 0 0 0 0 0 0 24 0 17 21 0 25 14 0 0 0 0 0 0 0 0 0 0 0 0 0 9 14 0 0 15 10 20 20 18 0 26 42 26 31 18 21 10 19 12 17 12 10 0 0 0 0 0 
1430446104.53 0 0 0 0 0 0 0 0 0 0 0 0 0 0 24 0 17 21 0 25 14 0 0 0 0 0 0 0 0 0 0 0 0 0 9 14 0 0 15 10 20 20 18 0 26 42 26 31 18 21 10 19 12 17 12 10 0 0 0 0 0 
1430446105.07 0 0 0 0 0 0 0 0 0 0 0 0 0 0 24 0 17 21 0 25 14 0 0 0 0 0 0 0 0 0 0 0 0 0 9 14 0 0 15 14 19 22 27 0 35 41 26 27 17 16 10 19 11 17 12 10 0 0 0 0 0 
1430446105.59 0 0 0 0 0 0 0 0 0 0 0 0 0 0 24 0 17 21 0 25 14 0 0 0 0 0 0 0 0 0 0 0 0 0 9 14 0 0 15 14 19 22 27 0 35 41 26 27 17 16 10 19 11 17 12 10 0 0 0 0 0 
1430446106.12 0 0 0 0 0 0 0 0 0 0 0 0 0 0 24 0 17 21 0 25 14 0 0 0 0 0 0 0 0 0 0 0 0 0 9 14 0 0 15 14 19 22 27 0 35 41 26 27 17 16 10 19 11 17 12 10 0 0 0 0 0 
1430446106.66 0 0 0 0 0 0 0 0 0 0 0 0 0 0 24 0 17 21 0 25 14 0 0 0 0 0 0 0 0 0 0 0 0 0 9 14 0 0 15 14 19 22 27 0 35 41 26 27 17 16 10 19 11 17 12 10 0 0 0 0 0 
1430446107.19 0 0 0 0 0 0 0 0 0 0 0 0 0 0 24 0 17 21 0 25 14 0 0 0 0 0 0 0 0 0 0 0 0 0 9 14 0 0 15 14 19 22 27 0 35 41 26 27 17 16 10 19 11 17 12 10 0 0 0 0 0 
1430446107.73 0 0 0 0 0 0 0 0 0 0 0 0 0 0 21 0 14 15 23 11 20 0 0 0 0 0 0 0 0 0 0 0 0 0 9 14 0 0 15 14 27 31 15 0 35 42 26 21 17 13 16 12 11 17 12 10 0 0 0 0 0 
1430446108.24 0 0 0 0 0 0 0 0 0 0 0 0 0 0 21 0 14 15 23 11 20 0 0 0 0 0 0 0 0 0 0 0 0 0 9 14 0 0 15 14 27 31 15 0 35 42 26 21 17 13 16 12 11 17 12 10 0 0 0 0 0 
1430446108.77 0 0 0 0 0 0 0 0 0 0 0 0 0 0 21 0 14 15 23 11 20 0 0 0 0 0 0 0 0 0 0 0 0 0 9 14 0 0 15 14 27 31 15 0 35 42 26 21 17 13 16 12 11 17 12 10 0 0 0 0 0 
1430446109.32 0 0 0 0 0 0 0 0 0 0 0 0 0 0 21 0 14 15 23 11 20 0 0 0 0 0 0 0 0 0 0 0 0 0 9 14 0 0 15 14 27 31 15 0 35 42 26 21 17 13 16 12 11 17 12 10 0 0 0 0 0 
1430446109.86 0 0 0 0 0 0 0 0 0 0 0 0 0 0 21 0 14 15 23 11 20 0 0 0 0 0 0 0 0 0 0 0 0 0 9 14 0 0 15 14 27 31 15 0 35 42 26 21 17 13 16 12 11 17 12 10 0 0 0 0 0 
1430446110.41 9 0 0 0 0 0 0 0 0 0 0 0 0 0 17 0 14 17 25 14 20 0 0 0 0 0 0 0 0 0 0 0 0 0 9 14 0 0 15 14 26 32 27 0 31 25 26 21 17 13 16 12 11 17 12 10 0 0 0 0 0 
1430446110.93 9 0 0 0 0 0 0 0 0 0 0 0 0 0 17 0 14 17 25 14 20 0 0 0 0 0 0 0 0 0 0 0 0 0 9 14 0 0 15 14 26 32 27 0 31 25 26 21 17 13 16 12 11 17 12 10 0 0 0 0 0 
1430446111.46 9 0 0 0 0 0 0 0 0 0 0 0 0 0 17 0 14 17 25 14 20 0 0 0 0 0 0 0 0 0 0 0 0 0 9 14 0 0 15 14 26 32 27 0 31 25 26 21 17 13 16 12 11 17 12 10 0 0 0 0 0 
1430446111.98 9 0 0 0 0 0 0 0 0 0 0 0 0 0 17 0 14 17 25 14 20 0 0 0 0 0 0 0 0 0 0 0 0 0 9 14 0 0 15 14 26 32 27 0 31 25 26 21 17 13 16 12 11 17 12 10 0 0 0 0 0 
1430446112.52 9 0 0 0 0 0 0 0 0 0 0 0 0 0 17 0 14 17 25 14 20 0 0 0 0 0 0 0 0 0 0 0 0 0 9 14 0 0 15 14 26 32 27 0 31 25 26 21 17 13 16 12 11 17 12 10 0 0 0 0 0 
1430446113.07 9 0 0 0 0 0 0 0 0 0 0 0 0 0 21 0 14 17 18 14 16 0 0 0 0 0 0 0 0 0 0 0 0 0 9 14 0 0 17 14 26 36 31 0 23 26 17 21 11 13 16 12 11 17 12 10 0 0 0 0 0 
1430446113.59 9 0 0 0 0 0 0 0 0 0 0 0 0 0 21 0 14 17 18 14 16 0 0 0 0 0 0 0 0 0 0 0 0 0 9 14 0 0 17 14 26 36 31 0 23 26 17 21 11 13 16 12 11 17 12 10 0 0 0 0 0 
1430446114.13 9 0 0 0 0 0 0 0 0 0 0 0 0 0 21 0 14 17 18 14 16 0 0 0 0 0 0 0 0 0 0 0 0 0 9 14 0 0 17 14 26 36 31 0 23 26 17 21 11 13 16 12 11 17 12 10 0 0 0 0 0 
1430446114.67 9 0 0 0 0 0 0 0 0 0 0 0 0 0 21 0 14 17 18 14 16 0 0 0 0 0 0 0 0 0 0 0 0 0 9 14 0 0 17 14 26 36 31 0 23 26 17 21 11 13 16 12 11 17 12 10 0 0 0 0 0 
1430446115.18 9 0 0 0 0 0 0 0 0 0 0 0 0 0 21 0 14 17 18 14 16 0 0 0 0 0 0 0 0 0 0 0 0 0 9 14 0 0 17 14 26 36 31 0 23 26 17 21 11 13 16 12 11 17 12 10 0 0 0 0 0 
1430446115.71 9 0 0 0 0 0 0 0 0 0 0 0 0 0 21 0 14 17 18 14 16 0 0 0 0 0 0 0 0 0 0 0 0 0 9 14 0 0 24 18 27 34 38 0 23 18 16 15 13 16 16 12 11 17 12 10 0 0 0 0 0 
1430446116.23 9 0 0 0 0 0 0 0 0 0 0 0 0 0 21 0 14 17 18 14 16 0 0 0 0 0 0 0 0 0 0 0 0 0 9 14 0 0 24 18 27 34 38 0 23 18 16 15 13 16 16 12 11 17 12 10 0 0 0 0 0 
1430446116.76 9 0 0 0 0 0 0 0 0 0 0 0 0 0 21 0 14 17 18 14 16 0 0 0 0 0 0 0 0 0 0 0 0 0 9 14 0 0 24 18 27 34 38 0 23 18 16 15 13 16 16 12 11 17 12 10 0 0 0 0 0 
1430446117.28 9 0 0 0 0 0 0 0 0 0 0 0 0 0 21 0 14 17 18 14 16 0 0 0 0 0 0 0 0 0 0 0 0 0 9 14 0 0 24 18 27 34 38 0 23 18 16 15 13 16 16 12 11 17 12 10 0 0 0 0 0 
1430446117.8 9 0 0 0 0 0 0 0 0 0 0 0 0 0 21 0 14 17 18 14 16 0 0 0 0 0 0 0 0 0 0 0 0 0 9 14 0 0 24 18 27 34 38 0 23 18 16 15 13 16 16 12 11 17 12 10 0 0 0 0 0 
1430446118.33 11 0 0 0 0 0 0 0 0 0 0 0 0 0 12 0 14 17 18 12 15 0 0 0 0 0 0 0 0 0 0 0 0 0 9 14 0 0 27 21 33 41 14 0 22 23 21 21 13 14 16 12 11 17 12 10 0 0 0 0 0 
1430446118.85 11 0 0 0 0 0 0 0 0 0 0 0 0 0 12 0 14 17 18 12 15 0 0 0 0 0 0 0 0 0 0 0 0 0 9 14 0 0 27 21 33 41 14 0 22 23 21 21 13 14 16 12 11 17 12 10 0 0 0 0 0 
1430446119.39 11 0 0 0 0 0 0 0 0 0 0 0 0 0 12 0 14 17 18 12 15 0 0 0 0 0 0 0 0 0 0 0 0 0 9 14 0 0 27 21 33 41 14 0 22 23 21 21 13 14 16 12 11 17 12 10 0 0 0 0 0 
1430446119.93 11 0 0 0 0 0 0 0 0 0 0 0 0 0 12 0 14 17 18 12 15 0 0 0 0 0 0 0 0 0 0 0 0 0 9 14 0 0 27 21 33 41 14 0 22 23 21 21 13 14 16 12 11 17 12 10 0 0 0 0 0 
1430446120.46 11 0 0 0 0 0 0 0 0 0 0 0 0 0 12 0 14 17 18 12 15 0 0 0 0 0 0 0 0 0 0 0 0 0 9 14 0 0 27 21 33 41 14 0 22 23 21 21 13 14 16 12 11 17 12 10 0 0 0 0 0 
1430446120.98 9 0 0 0 0 0 0 0 0 0 0 0 0 0 12 0 14 17 18 12 15 0 0 0 0 0 0 0 0 0 0 0 0 0 9 14 0 11 30 20 38 29 30 0 16 14 15 20 13 14 16 12 11 17 12 10 0 0 0 0 0 
1430446121.49 9 0 0 0 0 0 0 0 0 0 0 0 0 0 12 0 14 17 18 12 15 0 0 0 0 0 0 0 0 0 0 0 0 0 9 14 0 11 30 20 38 29 30 0 16 14 15 20 13 14 16 12 11 17 12 10 0 0 0 0 0 
1430446122.03 9 0 0 0 0 0 0 0 0 0 0 0 0 0 12 0 14 17 18 12 15 0 0 0 0 0 0 0 0 0 0 0 0 0 9 14 0 11 30 20 38 29 30 0 16 14 15 20 13 14 16 12 11 17 12 10 0 0 0 0 0 
1430446122.57 9 0 0 0 0 0 0 0 0 0 0 0 0 0 12 0 14 17 18 12 15 0 0 0 0 0 0 0 0 0 0 0 0 0 9 14 0 11 30 20 38 29 30 0 16 14 15 20 13 14 16 12 11 17 12 10 0 0 0 0 0 
1430446123.09 9 0 0 0 0 0 0 0 0 0 0 0 0 0 12 0 14 17 18 12 15 0 0 0 0 0 0 0 0 0 0 0 0 0 9 14 0 11 30 20 38 29 30 0 16 14 15 20 13 14 16 12 11 17 12 10 0 0 0 0 0 
1430446123.63 9 9 0 0 0 0 0 0 0 0 0 0 0 0 12 0 14 17 18 12 15 0 0 0 0 0 0 0 0 0 0 0 13 11 9 14 0 12 31 27 29 40 25 0 19 14 9 15 13 11 16 12 11 17 12 10 0 0 0 0 0 
1430446124.15 9 9 0 0 0 0 0 0 0 0 0 0 0 0 12 0 14 17 18 12 15 0 0 0 0 0 0 0 0 0 0 0 13 11 9 14 0 12 31 27 29 40 25 0 19 14 9 15 13 11 16 12 11 17 12 10 0 0 0 0 0 
1430446124.68 9 9 0 0 0 0 0 0 0 0 0 0 0 0 12 0 14 17 18 12 15 0 0 0 0 0 0 0 0 0 0 0 13 11 9 14 0 12 31 27 29 40 25 0 19 14 9 15 13 11 16 12 11 17 12 10 0 0 0 0 0 
1430446125.21 9 9 0 0 0 0 0 0 0 0 0 0 0 0 12 0 14 17 18 12 15 0 0 0 0 0 0 0 0 0 0 0 13 11 9 14 0 12 31 27 29 40 25 0 19 14 9 15 13 11 16 12 11 17 12 10 0 0 0 0 0 
1430446125.73 9 9 0 0 0 0 0 0 0 0 0 0 0 0 12 0 14 17 18 12 15 0 0 0 0 0 0 0 0 0 0 0 13 11 9 14 0 12 31 27 29 40 25 0 19 14 9 15 13 11 16 12 11 17 12 10 0 0 0 0 0 
1430446126.28 9 9 0 0 0 0 0 0 0 0 0 0 0 0 12 0 14 17 18 12 15 0 0 0 0 0 0 0 0 0 0 0 22 19 9 14 0 12 43 34 17 45 26 0 19 8 9 15 13 11 16 12 11 17 12 10 0 0 0 0 0 
1430446126.8 9 9 0 0 0 0 0 0 0 0 0 0 0 0 12 0 14 17 18 12 15 0 0 0 0 0 0 0 0 0 0 0 22 19 9 14 0 12 43 34 17 45 26 0 19 8 9 15 13 11 16 12 11 17 12 10 0 0 0 0 0 
1430446127.35 9 9 0 0 0 0 0 0 0 0 0 0 0 0 12 0 14 17 18 12 15 0 0 0 0 0 0 0 0 0 0 0 22 19 9 14 0 12 43 34 17 45 26 0 19 8 9 15 13 11 16 12 11 17 12 10 0 0 0 0 0 
1430446127.88 9 9 0 0 0 0 0 0 0 0 0 0 0 0 12 0 14 17 18 12 15 0 0 0 0 0 0 0 0 0 0 0 22 19 9 14 0 12 43 34 17 45 26 0 19 8 9 15 13 11 16 12 11 17 12 10 0 0 0 0 0 
1430446128.43 9 9 0 0 0 0 0 0 0 0 0 0 0 0 12 0 14 17 18 12 15 0 0 0 0 0 0 0 0 0 0 0 22 19 9 14 0 12 43 34 17 45 26 0 19 8 9 15 13 11 16 12 11 17 12 10 0 0 0 0 0 
1430446128.96 9 9 0 0 0 0 0 0 0 0 0 0 0 0 12 0 14 17 18 12 15 0 0 0 0 0 0 13 15 0 0 17 25 14 9 14 16 12 20 15 14 27 26 0 22 15 9 15 13 11 16 12 11 17 12 10 0 0 0 0 0 
1430446129.48 9 9 0 0 0 0 0 0 0 0 0 0 0 0 12 0 14 17 18 12 15 0 0 0 0 0 0 13 15 0 0 17 25 14 9 14 16 12 20 15 14 27 26 0 22 15 9 15 13 11 16 12 11 17 12 10 0 0 0 0 0 
1430446129.99 9 9 0 0 0 0 0 0 0 0 0 0 0 0 12 0 14 17 18 12 15 0 0 0 0 0 0 13 15 0 0 17 25 14 9 14 16 12 20 15 14 27 26 0 22 15 9 15 13 11 16 12 11 17 12 10 0 0 0 0 0 
1430446130.52 9 9 0 0 0 0 0 0 0 0 0 0 0 0 12 0 14 17 18 12 15 0 0 0 0 0 0 13 15 0 0 17 25 14 9 14 16 12 20 15 14 27 26 0 22 15 9 15 13 11 16 12 11 17 12 10 0 0 0 0 0 
1430446131.03 9 9 0 0 0 0 0 0 0 0 0 0 0 0 12 0 14 17 18 12 15 0 0 0 0 0 0 13 15 0 0 17 25 14 9 14 16 12 20 15 14 27 26 0 22 15 9 15 13 11 16 12 11 17 12 10 0 0 0 0 0 
1430446131.56 9 9 0 0 0 0 0 0 0 0 0 0 0 0 12 0 14 17 18 12 15 0 0 5 0 0 0 13 15 18 0 17 29 25 9 9 28 12 44 47 34 28 26 0 22 12 9 15 13 11 16 12 11 17 12 10 0 0 0 0 0 
1430446132.09 9 9 0 0 0 0 0 0 0 0 0 0 0 0 12 0 14 17 18 12 15 0 0 5 0 0 0 13 15 18 0 17 29 25 9 9 28 12 44 47 34 28 26 0 22 12 9 15 13 11 16 12 11 17 12 10 0 0 0 0 0 
1430446132.62 9 9 0 0 0 0 0 0 0 0 0 0 0 0 12 0 14 17 18 12 15 0 0 5 0 0 0 13 15 18 0 17 29 25 9 9 28 12 44 47 34 28 26 0 22 12 9 15 13 11 16 12 11 17 12 10 0 0 0 0 0 
1430446133.13 9 9 0 0 0 0 0 0 0 0 0 0 0 0 12 0 14 17 18 12 15 0 0 5 0 0 0 13 15 18 0 17 29 25 9 9 28 12 44 47 34 28 26 0 22 12 9 15 13 11 16 12 11 17 12 10 0 0 0 0 0 
1430446133.67 9 9 0 0 0 0 0 0 0 0 0 0 0 0 12 0 14 17 18 12 15 0 0 5 0 0 0 13 15 18 0 17 29 25 9 9 28 12 44 47 34 28 26 0 22 12 9 15 13 11 16 12 11 17 12 10 0 0 0 0 0 
1430446134.2 9 9 0 0 0 0 0 0 0 0 0 0 0 0 12 0 14 17 18 12 15 11 0 5 0 9 0 13 15 18 21 19 23 9 9 9 24 12 15 50 23 28 26 0 22 12 9 15 13 11 16 12 11 17 12 10 0 0 0 0 0 
1430446134.72 9 9 0 0 0 0 0 0 0 0 0 0 0 0 12 0 14 17 18 12 15 11 0 5 0 9 0 13 15 18 21 19 23 9 9 9 24 12 15 50 23 28 26 0 22 12 9 15 13 11 16 12 11 17 12 10 0 0 0 0 0 
1430446135.25 9 9 0 0 0 0 0 0 0 0 0 0 0 0 12 0 14 17 18 12 15 11 0 5 0 9 0 13 15 18 21 19 23 9 9 9 24 12 15 50 23 28 26 0 22 12 9 15 13 11 16 12 11 17 12 10 0 0 0 0 0 
1430446135.78 9 9 0 0 0 0 0 0 0 0 0 0 0 0 12 0 14 17 18 12 15 11 0 5 0 9 0 13 15 18 21 19 23 9 9 9 24 12 15 50 23 28 26 0 22 12 9 15 13 11 16 12 11 17 12 10 0 0 0 0 0 
1430446136.31 9 9 0 0 0 0 0 0 0 0 0 0 0 0 12 0 14 17 18 12 15 11 0 5 0 9 0 13 15 18 21 19 23 9 9 9 24 12 15 50 23 28 26 0 22 12 9 15 13 11 16 12 11 17 12 10 0 0 0 0 0 
1430446136.84 9 9 0 0 0 0 0 0 0 0 0 0 0 0 12 0 14 17 18 12 15 12 0 5 12 9 0 13 16 20 21 19 32 26 9 9 32 27 41 39 18 24 26 0 22 12 9 15 13 11 16 12 11 17 12 10 0 0 0 0 0 
1430446137.35 9 9 0 0 0 0 0 0 0 0 0 0 0 0 12 0 14 17 18 12 15 12 0 5 12 9 0 13 16 20 21 19 32 26 9 9 32 27 41 39 18 24 26 0 22 12 9 15 13 11 16 12 11 17 12 10 0 0 0 0 0 
1430446137.87 9 9 0 0 0 0 0 0 0 0 0 0 0 0 12 0 14 17 18 12 15 12 0 5 12 9 0 13 16 20 21 19 32 26 9 9 32 27 41 39 18 24 26 0 22 12 9 15 13 11 16 12 11 17 12 10 0 0 0 0 0 
1430446138.39 9 9 0 0 0 0 0 0 0 0 0 0 0 0 12 0 14 17 18 12 15 12 0 5 12 9 0 13 16 20 21 19 32 26 9 9 32 27 41 39 18 24 26 0 22 12 9 15 13 11 16 12 11 17 12 10 0 0 0 0 0 
1430446138.91 9 9 0 0 0 0 0 0 0 0 0 0 0 0 12 0 14 17 18 12 15 12 0 5 12 9 0 13 16 20 21 19 32 26 9 9 32 27 41 39 18 24 26 0 22 12 9 15 13 11 16 12 11 17 12 10 0 0 0 0 0 
1430446139.44 9 9 0 0 0 0 0 0 0 0 0 0 0 0 12 0 14 17 18 12 15 12 0 5 12 17 0 13 22 20 26 19 27 26 9 17 36 40 39 33 27 24 26 0 22 12 9 15 13 11 16 12 11 17 12 10 0 0 0 0 0 
1430446139.95 9 9 0 0 0 0 0 0 0 0 0 0 0 0 12 0 14 17 18 12 15 12 0 5 12 17 0 13 22 20 26 19 27 26 9 17 36 40 39 33 27 24 26 0 22 12 9 15 13 11 16 12 11 17 12 10 0 0 0 0 0 
1430446140.49 9 9 0 0 0 0 0 0 0 0 0 0 0 0 12 0 14 17 18 12 15 12 0 5 12 17 0 13 22 20 26 19 27 26 9 17 36 40 39 33 27 24 26 0 22 12 9 15 13 11 16 12 11 17 12 10 0 0 0 0 0 
1430446141.01 9 9 0 0 0 0 0 0 0 0 0 0 0 0 12 0 14 17 18 12 15 12 0 5 12 17 0 13 22 20 26 19 27 26 9 17 36 40 39 33 27 24 26 0 22 12 9 15 13 11 16 12 11 17 12 10 0 0 0 0 0 
1430446141.54 9 9 0 0 0 0 0 0 0 0 0 0 0 0 12 0 14 17 18 12 15 12 0 5 12 17 0 13 22 20 26 19 27 26 9 17 36 40 39 33 27 24 26 0 22 12 9 15 13 11 16 12 11 17 12 10 0 0 0 0 0 
1430446142.08 9 12 0 0 0 0 0 0 0 0 0 0 0 0 12 0 14 17 18 12 15 12 0 5 12 14 0 18 10 21 29 28 33 24 9 20 35 34 30 33 27 24 26 0 22 12 9 15 13 11 16 12 11 17 12 10 0 0 0 0 0 
1430446142.61 9 12 0 0 0 0 0 0 0 0 0 0 0 0 12 0 14 17 18 12 15 12 0 5 12 14 0 18 10 21 29 28 33 24 9 20 35 34 30 33 27 24 26 0 22 12 9 15 13 11 16 12 11 17 12 10 0 0 0 0 0 
1430446143.15 9 12 0 0 0 0 0 0 0 0 0 0 0 0 12 0 14 17 18 12 15 12 0 5 12 14 0 18 10 21 29 28 33 24 9 20 35 34 30 33 27 24 26 0 22 12 9 15 13 11 16 12 11 17 12 10 0 0 0 0 0 
1430446143.69 9 12 0 0 0 0 0 0 0 0 0 0 0 0 12 0 14 17 18 12 15 12 0 5 12 14 0 18 10 21 29 28 33 24 9 20 35 34 30 33 27 24 26 0 22 12 9 15 13 11 16 12 11 17 12 10 0 0 0 0 0 
1430446144.22 9 12 0 0 0 0 0 0 0 0 0 0 0 0 12 0 14 17 18 12 15 12 0 5 12 14 0 18 10 21 29 28 33 24 9 20 35 34 30 33 27 24 26 0 22 12 9 15 13 11 16 12 11 17 12 10 0 0 0 0 0 
1430446144.76 9 12 0 0 0 0 0 0 0 0 0 0 0 0 12 0 14 17 18 12 15 12 20 5 12 14 0 18 25 20 20 28 45 39 18 19 43 40 29 27 12 24 26 0 22 12 9 15 13 11 16 12 11 17 12 10 0 0 0 0 0 
1430446145.28 9 12 0 0 0 0 0 0 0 0 0 0 0 0 12 0 14 17 18 12 15 12 20 5 12 14 0 18 25 20 20 28 45 39 18 19 43 40 29 27 12 24 26 0 22 12 9 15 13 11 16 12 11 17 12 10 0 0 0 0 0 
1430446145.83 9 12 0 0 0 0 0 0 0 0 0 0 0 0 12 0 14 17 18 12 15 12 20 5 12 14 0 18 25 20 20 28 45 39 18 19 43 40 29 27 12 24 26 0 22 12 9 15 13 11 16 12 11 17 12 10 0 0 0 0 0 
1430446146.37 9 12 0 0 0 0 0 0 0 0 0 0 0 0 12 0 14 17 18 12 15 12 20 5 12 14 0 18 25 20 20 28 45 39 18 19 43 40 29 27 12 24 26 0 22 12 9 15 13 11 16 12 11 17 12 10 0 0 0 0 0 
1430446146.89 9 12 0 0 0 0 0 0 0 0 0 0 0 0 12 0 14 17 18 12 15 12 20 5 12 14 0 18 25 20 20 28 45 39 18 19 43 40 29 27 12 24 26 0 22 12 9 15 13 11 16 12 11 17 12 10 0 0 0 0 0 
1430446147.4 10 9 0 11 0 0 0 0 0 0 0 0 0 0 12 0 14 17 18 12 15 12 20 5 12 14 20 10 22 20 38 34 35 39 36 26 35 38 27 27 12 24 26 0 22 12 9 15 13 11 16 12 11 17 12 10 0 0 0 0 0 
1430446147.91 10 9 0 11 0 0 0 0 0 0 0 0 0 0 12 0 14 17 18 12 15 12 20 5 12 14 20 10 22 20 38 34 35 39 36 26 35 38 27 27 12 24 26 0 22 12 9 15 13 11 16 12 11 17 12 10 0 0 0 0 0 
1430446148.45 10 9 0 11 0 0 0 0 0 0 0 0 0 0 12 0 14 17 18 12 15 12 20 5 12 14 20 10 22 20 38 34 35 39 36 26 35 38 27 27 12 24 26 0 22 12 9 15 13 11 16 12 11 17 12 10 0 0 0 0 0 
1430446148.99 10 9 0 11 0 0 0 0 0 0 0 0 0 0 12 0 14 17 18 12 15 12 20 5 12 14 20 10 22 20 38 34 35 39 36 26 35 38 27 27 12 24 26 0 22 12 9 15 13 11 16 12 11 17 12 10 0 0 0 0 0 
1430446149.52 10 9 0 11 0 0 0 0 0 0 0 0 0 0 12 0 14 17 18 12 15 12 20 5 12 14 20 10 22 20 38 34 35 39 36 26 35 38 27 27 12 24 26 0 22 12 9 15 13 11 16 12 11 17 12 10 0 0 0 0 0 
1430446150.06 9 12 0 9 0 0 0 0 0 0 0 0 0 0 12 0 14 17 18 12 15 12 20 5 12 14 13 12 29 29 35 30 43 38 41 33 34 33 24 23 12 24 26 0 22 12 9 15 13 11 16 12 11 17 12 10 12 0 0 0 0 
1430446150.58 9 12 0 9 0 0 0 0 0 0 0 0 0 0 12 0 14 17 18 12 15 12 20 5 12 14 13 12 29 29 35 30 43 38 41 33 34 33 24 23 12 24 26 0 22 12 9 15 13 11 16 12 11 17 12 10 12 0 0 0 0 
1430446151.12 9 12 0 9 0 0 0 0 0 0 0 0 0 0 12 0 14 17 18 12 15 12 20 5 12 14 13 12 29 29 35 30 43 38 41 33 34 33 24 23 12 24 26 0 22 12 9 15 13 11 16 12 11 17 12 10 12 0 0 0 0 
1430446151.66 9 12 0 9 0 0 0 0 0 0 0 0 0 0 12 0 14 17 18 12 15 12 20 5 12 14 13 12 29 29 35 30 43 38 41 33 34 33 24 23 12 24 26 0 22 12 9 15 13 11 16 12 11 17 12 10 12 0 0 0 0 
1430446152.19 9 12 0 9 0 0 0 0 0 0 0 0 0 0 12 0 14 17 18 12 15 12 20 5 12 14 13 12 29 29 35 30 43 38 41 33 34 33 24 23 12 24 26 0 22 12 9 15 13 11 16 12 11 17 12 10 12 0 0 0 0 
1430446152.72 9 7 0 9 0 0 0 0 0 0 0 0 0 0 12 0 14 17 18 12 15 12 20 5 20 14 25 22 22 25 34 36 39 41 20 36 24 33 20 23 12 24 26 0 22 12 9 15 13 11 16 12 11 17 12 10 12 0 0 11 0 
1430446153.26 9 7 0 9 0 0 0 0 0 0 0 0 0 0 12 0 14 17 18 12 15 12 20 5 20 14 25 22 22 25 34 36 39 41 20 36 24 33 20 23 12 24 26 0 22 12 9 15 13 11 16 12 11 17 12 10 12 0 0 11 0 
1430446153.8 9 7 0 9 0 0 0 0 0 0 0 0 0 0 12 0 14 17 18 12 15 12 20 5 20 14 25 22 22 25 34 36 39 41 20 36 24 33 20 23 12 24 26 0 22 12 9 15 13 11 16 12 11 17 12 10 12 0 0 11 0 
1430446154.33 9 7 0 9 0 0 0 0 0 0 0 0 0 0 12 0 14 17 18 12 15 12 20 5 20 14 25 22 22 25 34 36 39 41 20 36 24 33 20 23 12 24 26 0 22 12 9 15 13 11 16 12 11 17 12 10 12 0 0 11 0 
1430446154.86 9 7 0 9 0 0 0 0 0 0 0 0 0 0 12 0 14 17 18 12 15 12 20 5 20 14 25 22 22 25 34 36 39 41 20 36 24 33 20 23 12 24 26 0 22 12 9 15 13 11 16 12 11 17 12 10 12 0 0 11 0 
1430446155.4 9 7 0 9 0 0 0 0 0 0 0 0 0 0 12 0 14 17 18 12 15 12 20 5 20 14 22 25 26 26 39 33 37 44 9 16 15 26 17 10 12 24 26 0 22 12 9 15 13 11 16 12 11 17 12 10 12 0 0 11 0 
1430446155.92 9 7 0 9 0 0 0 0 0 0 0 0 0 0 12 0 14 17 18 12 15 12 20 5 20 14 22 25 26 26 39 33 37 44 9 16 15 26 17 10 12 24 26 0 22 12 9 15 13 11 16 12 11 17 12 10 12 0 0 11 0 
1430446156.47 9 7 0 9 0 0 0 0 0 0 0 0 0 0 12 0 14 17 18 12 15 12 20 5 20 14 22 25 26 26 39 33 37 44 9 16 15 26 17 10 12 24 26 0 22 12 9 15 13 11 16 12 11 17 12 10 12 0 0 11 0 
1430446156.98 9 7 0 9 0 0 0 0 0 0 0 0 0 0 12 0 14 17 18 12 15 12 20 5 20 14 22 25 26 26 39 33 37 44 9 16 15 26 17 10 12 24 26 0 22 12 9 15 13 11 16 12 11 17 12 10 12 0 0 11 0 
1430446157.51 9 7 0 9 0 0 0 0 0 0 0 0 0 0 12 0 14 17 18 12 15 12 20 5 20 14 22 25 26 26 39 33 37 44 9 16 15 26 17 10 12 24 26 0 22 12 9 15 13 11 16 12 11 17 12 10 12 0 0 11 0 
1430446158.03 9 7 0 9 0 0 0 0 0 0 0 0 0 0 12 0 14 17 18 12 15 12 20 5 20 25 24 21 27 31 41 42 12 33 9 16 22 21 9 16 12 24 26 0 22 12 9 15 13 11 16 12 11 17 12 10 12 0 12 11 0 
1430446158.54 9 7 0 9 0 0 0 0 0 0 0 0 0 0 12 0 14 17 18 12 15 12 20 5 20 25 24 21 27 31 41 42 12 33 9 16 22 21 9 16 12 24 26 0 22 12 9 15 13 11 16 12 11 17 12 10 12 0 12 11 0 
1430446159.07 9 7 0 9 0 0 0 0 0 0 0 0 0 0 12 0 14 17 18 12 15 12 20 5 20 25 24 21 27 31 41 42 12 33 9 16 22 21 9 16 12 24 26 0 22 12 9 15 13 11 16 12 11 17 12 10 12 0 12 11 0 
1430446159.58 9 7 0 9 0 0 0 0 0 0 0 0 0 0 12 0 14 17 18 12 15 12 20 5 20 25 24 21 27 31 41 42 12 33 9 16 22 21 9 16 12 24 26 0 22 12 9 15 13 11 16 12 11 17 12 10 12 0 12 11 0 
1430446160.11 9 7 0 9 0 0 0 0 0 0 0 0 0 0 12 0 14 17 18 12 15 12 20 5 20 25 24 21 27 31 41 42 12 33 9 16 22 21 9 16 12 24 26 0 22 12 9 15 13 11 16 12 11 17 12 10 12 0 12 11 0 
1430446160.65 9 7 0 9 0 0 0 0 0 0 0 0 0 0 12 0 14 17 18 12 15 12 20 5 20 16 14 28 37 34 37 43 27 27 9 16 12 20 21 16 9 24 26 0 22 12 9 15 13 11 16 12 11 17 12 10 12 0 12 9 0 
1430446161.17 9 7 0 9 0 0 0 0 0 0 0 0 0 0 12 0 14 17 18 12 15 12 20 5 20 16 14 28 37 34 37 43 27 27 9 16 12 20 21 16 9 24 26 0 22 12 9 15 13 11 16 12 11 17 12 10 12 0 12 9 0 
1430446161.7 9 7 0 9 0 0 0 0 0 0 0 0 0 0 12 0 14 17 18 12 15 12 20 5 20 16 14 28 37 34 37 43 27 27 9 16 12 20 21 16 9 24 26 0 22 12 9 15 13 11 16 12 11 17 12 10 12 0 12 9 0 
1430446162.23 9 7 0 9 0 0 0 0 0 0 0 0 0 0 12 0 14 17 18 12 15 12 20 5 20 16 14 28 37 34 37 43 27 27 9 16 12 20 21 16 9 24 26 0 22 12 9 15 13 11 16 12 11 17 12 10 12 0 12 9 0 
1430446162.77 9 7 0 9 0 0 0 0 0 0 0 0 0 0 12 0 14 17 18 12 15 12 20 5 20 16 14 28 37 34 37 43 27 27 9 16 12 20 21 16 9 24 26 0 22 12 9 15 13 11 16 12 11 17 12 10 12 0 12 9 0 
1430446163.29 9 7 0 9 0 0 0 0 0 0 0 0 0 0 12 0 14 17 18 12 15 12 20 5 20 16 29 21 34 29 40 17 14 30 12 16 27 20 21 16 9 24 26 0 22 12 9 15 13 11 16 12 11 17 12 10 24 19 12 13 0 
1430446163.8 9 7 0 9 0 0 0 0 0 0 0 0 0 0 12 0 14 17 18 12 15 12 20 5 20 16 29 21 34 29 40 17 14 30 12 16 27 20 21 16 9 24 26 0 22 12 9 15 13 11 16 12 11 17 12 10 24 19 12 13 0 
1430446164.35 9 7 0 9 0 0 0 0 0 0 0 0 0 0 12 0 14 17 18 12 15 12 20 5 20 16 29 21 34 29 40 17 14 30 12 16 27 20 21 16 9 24 26 0 22 12 9 15 13 11 16 12 11 17 12 10 24 19 12 13 0 
1430446164.88 9 7 0 9 0 0 0 0 0 0 0 0 0 0 12 0 14 17 18 12 15 12 20 5 20 16 29 21 34 29 40 17 14 30 12 16 27 20 21 16 9 24 26 0 22 12 9 15 13 11 16 12 11 17 12 10 24 19 12 13 0 
1430446165.41 9 7 0 9 0 0 0 0 0 0 0 0 0 0 12 0 14 17 18 12 15 12 20 5 20 16 29 21 34 29 40 17 14 30 12 16 27 20 21 16 9 24 26 0 22 12 9 15 13 11 16 12 11 17 12 10 24 19 12 13 0 
1430446165.95 9 7 0 9 0 0 0 0 0 0 0 0 0 0 12 0 14 17 18 12 15 12 20 5 20 16 29 21 34 29 40 17 14 30 12 16 27 20 21 16 9 24 26 0 22 12 9 15 13 11 16 12 11 17 12 10 24 19 12 13 0 
1430446166.48 9 7 0 9 0 0 0 0 0 0 0 0 0 0 12 0 14 17 18 12 15 12 20 10 20 16 29 21 30 34 39 39 20 22 12 16 23 24 21 16 9 24 26 0 22 12 9 15 13 11 16 12 11 17 12 10 31 18 18 18 0 
1430446167.01 9 7 0 9 0 0 0 0 0 0 0 0 0 0 12 0 14 17 18 12 15 12 20 10 20 16 29 21 30 34 39 39 20 22 12 16 23 24 21 16 9 24 26 0 22 12 9 15 13 11 16 12 11 17 12 10 31 18 18 18 0 
1430446167.53 9 7 0 9 0 0 0 0 0 0 0 0 0 0 12 0 14 17 18 12 15 12 20 10 20 16 29 21 30 34 39 39 20 22 12 16 23 24 21 16 9 24 26 0 22 12 9 15 13 11 16 12 11 17 12 10 31 18 18 18 0 
1430446168.07 9 7 0 9 0 0 0 0 0 0 0 0 0 0 12 0 14 17 18 12 15 12 20 10 20 16 29 21 30 34 39 39 20 22 12 16 23 24 21 16 9 24 26 0 22 12 9 15 13 11 16 12 11 17 12 10 31 18 18 18 0 
1430446168.61 9 7 0 9 0 0 0 0 0 0 0 0 0 0 12 0 14 17 18 12 15 12 20 10 20 16 29 21 30 34 39 39 20 22 12 16 23 24 21 16 9 24 26 0 22 12 9 15 13 11 16 12 11 17 12 10 31 18 18 18 0 
1430446169.15 9 7 0 9 0 0 0 0 0 0 0 0 0 0 12 0 14 17 18 12 15 12 20 10 20 16 29 21 30 34 39 39 20 22 12 16 23 24 21 16 9 24 26 0 22 12 9 15 13 11 16 12 11 17 12 10 31 18 18 18 0 
1430446169.67 9 7 0 9 0 0 0 0 0 0 0 0 0 0 12 0 14 17 18 12 15 12 20 10 20 16 29 21 30 34 39 39 20 22 12 16 23 24 21 16 9 24 26 0 22 12 9 15 13 11 16 12 11 17 12 10 31 18 18 18 0 
1430446170.21 9 7 0 9 0 0 0 0 0 0 0 0 0 0 12 0 14 17 18 12 15 13 20 10 21 21 34 29 32 38 36 30 21 22 12 16 13 24 18 16 9 24 26 0 22 12 9 15 13 11 16 12 11 17 12 10 26 18 29 7 0 
1430446170.72 9 7 0 9 0 0 0 0 0 0 0 0 0 0 12 0 14 17 18 12 15 13 20 10 21 21 34 29 32 38 36 30 21 22 12 16 13 24 18 16 9 24 26 0 22 12 9 15 13 11 16 12 11 17 12 10 26 18 29 7 0 
1430446171.25 9 7 0 9 0 0 0 0 0 0 0 0 0 0 12 0 14 17 18 12 15 13 20 10 21 21 34 29 32 38 36 30 21 22 12 16 13 24 18 16 9 24 26 0 22 12 9 15 13 11 16 12 11 17 12 10 26 18 29 7 0 
1430446171.77 9 7 0 9 0 0 0 0 0 0 0 0 0 0 12 0 14 17 18 12 15 13 20 10 21 21 34 29 32 38 36 30 21 22 12 16 13 24 18 16 9 24 26 0 22 12 9 15 13 11 16 12 11 17 12 10 26 18 29 7 0 
1430446172.3 9 7 0 9 0 0 0 0 0 0 0 0 0 0 12 0 14 17 18 12 15 13 20 10 21 21 34 29 32 38 36 30 21 22 12 16 13 24 18 16 9 24 26 0 22 12 9 15 13 11 16 12 11 17 12 10 26 18 29 7 0 
1430446172.82 9 7 0 9 0 0 0 0 0 0 0 0 0 0 12 0 14 17 18 12 15 10 20 10 25 16 22 29 40 41 24 19 15 22 12 16 20 15 18 16 9 24 26 0 22 12 9 15 13 11 16 12 11 17 12 10 26 18 26 14 0 
1430446173.34 9 7 0 9 0 0 0 0 0 0 0 0 0 0 12 0 14 17 18 12 15 10 20 10 25 16 22 29 40 41 24 19 15 22 12 16 20 15 18 16 9 24 26 0 22 12 9 15 13 11 16 12 11 17 12 10 26 18 26 14 0 
1430446173.87 9 7 0 9 0 0 0 0 0 0 0 0 0 0 12 0 14 17 18 12 15 10 20 10 25 16 22 29 40 41 24 19 15 22 12 16 20 15 18 16 9 24 26 0 22 12 9 15 13 11 16 12 11 17 12 10 26 18 26 14 0 
1430446174.4 9 7 0 9 0 0 0 0 0 0 0 0 0 0 12 0 14 17 18 12 15 10 20 10 25 16 22 29 40 41 24 19 15 22 12 16 20 15 18 16 9 24 26 0 22 12 9 15 13 11 16 12 11 17 12 10 26 18 26 14 0 
1430446174.93 9 7 0 9 0 0 0 0 0 0 0 0 0 0 12 0 14 17 18 12 15 10 20 10 25 16 22 29 40 41 24 19 15 22 12 16 20 15 18 16 9 24 26 0 22 12 9 15 13 11 16 12 11 17 12 10 26 18 26 14 0 
1430446175.46 9 7 0 9 0 0 0 0 0 0 0 0 0 0 20 0 14 17 18 12 15 15 27 20 25 26 26 38 31 18 26 28 19 22 12 14 20 15 18 16 9 24 26 0 22 12 9 15 13 11 16 12 11 17 12 10 13 18 26 16 0 
1430446175.97 9 7 0 9 0 0 0 0 0 0 0 0 0 0 20 0 14 17 18 12 15 15 27 20 25 26 26 38 31 18 26 28 19 22 12 14 20 15 18 16 9 24 26 0 22 12 9 15 13 11 16 12 11 17 12 10 13 18 26 16 0 
1430446176.5 9 7 0 9 0 0 0 0 0 0 0 0 0 0 20 0 14 17 18 12 15 15 27 20 25 26 26 38 31 18 26 28 19 22 12 14 20 15 18 16 9 24 26 0 22 12 9 15 13 11 16 12 11 17 12 10 13 18 26 16 0 
1430446177.03 9 7 0 9 0 0 0 0 0 0 0 0 0 0 20 0 14 17 18 12 15 15 27 20 25 26 26 38 31 18 26 28 19 22 12 14 20 15 18 16 9 24 26 0 22 12 9 15 13 11 16 12 11 17 12 10 13 18 26 16 0 
1430446177.56 9 7 0 9 0 0 0 0 0 0 0 0 0 0 20 0 14 17 18 12 15 15 27 20 25 26 26 38 31 18 26 28 19 22 12 14 20 15 18 16 9 24 26 0 22 12 9 15 13 11 16 12 11 17 12 10 13 18 26 16 0 
1430446178.08 9 7 0 9 0 0 0 0 0 0 0 0 0 0 14 0 14 17 10 12 11 22 27 22 27 26 40 40 33 34 23 16 15 16 12 12 8 15 18 16 9 24 26 0 22 12 9 15 13 11 16 12 11 17 12 10 13 18 26 10 0 
1430446178.59 9 7 0 9 0 0 0 0 0 0 0 0 0 0 14 0 14 17 10 12 11 22 27 22 27 26 40 40 33 34 23 16 15 16 12 12 8 15 18 16 9 24 26 0 22 12 9 15 13 11 16 12 11 17 12 10 13 18 26 10 0 
1430446179.13 9 7 0 9 0 0 0 0 0 0 0 0 0 0 14 0 14 17 10 12 11 22 27 22 27 26 40 40 33 34 23 16 15 16 12 12 8 15 18 16 9 24 26 0 22 12 9 15 13 11 16 12 11 17 12 10 13 18 26 10 0 
1430446179.66 9 7 0 9 0 0 0 0 0 0 0 0 0 0 14 0 14 17 10 12 11 22 27 22 27 26 40 40 33 34 23 16 15 16 12 12 8 15 18 16 9 24 26 0 22 12 9 15 13 11 16 12 11 17 12 10 13 18 26 10 0 
1430446180.2 9 7 0 9 0 0 0 0 0 0 0 0 0 0 14 0 14 17 10 12 11 22 27 22 27 26 40 40 33 34 23 16 15 16 12 12 8 15 18 16 9 24 26 0 22 12 9 15 13 11 16 12 11 17 12 10 13 18 26 10 0 
1430446180.73 9 7 0 9 0 0 0 0 0 0 0 0 0 0 14 0 14 17 10 12 11 22 23 19 28 26 28 32 40 37 23 23 12 16 12 12 16 15 18 16 9 24 26 0 22 12 9 15 13 11 16 12 11 17 12 10 13 18 10 10 0 
1430446181.24 9 7 0 9 0 0 0 0 0 0 0 0 0 0 14 0 14 17 10 12 11 22 23 19 28 26 28 32 40 37 23 23 12 16 12 12 16 15 18 16 9 24 26 0 22 12 9 15 13 11 16 12 11 17 12 10 13 18 10 10 0 
1430446181.77 9 7 0 9 0 0 0 0 0 0 0 0 0 0 14 0 14 17 10 12 11 22 23 19 28 26 28 32 40 37 23 23 12 16 12 12 16 15 18 16 9 24 26 0 22 12 9 15 13 11 16 12 11 17 12 10 13 18 10 10 0 
1430446182.31 9 7 0 9 0 0 0 0 0 0 0 0 0 0 14 0 14 17 10 12 11 22 23 19 28 26 28 32 40 37 23 23 12 16 12 12 16 15 18 16 9 24 26 0 22 12 9 15 13 11 16 12 11 17 12 10 13 18 10 10 0 
1430446182.83 9 7 0 9 0 0 0 0 0 0 0 0 0 0 14 0 14 17 10 12 11 22 23 19 28 26 28 32 40 37 23 23 12 16 12 12 16 15 18 16 9 24 26 0 22 12 9 15 13 11 16 12 11 17 12 10 13 18 10 10 0 
1430446183.36 9 7 0 9 0 0 0 0 0 0 0 0 0 0 14 0 14 17 10 12 11 14 23 19 24 29 38 35 26 24 10 18 12 16 12 12 8 12 18 16 9 24 26 0 22 12 9 15 13 11 16 12 11 17 12 10 13 18 10 10 0 
1430446183.87 9 7 0 9 0 0 0 0 0 0 0 0 0 0 14 0 14 17 10 12 11 14 23 19 24 29 38 35 26 24 10 18 12 16 12 12 8 12 18 16 9 24 26 0 22 12 9 15 13 11 16 12 11 17 12 10 13 18 10 10 0 
1430446184.4 9 7 0 9 0 0 0 0 0 0 0 0 0 0 14 0 14 17 10 12 11 14 23 19 24 29 38 35 26 24 10 18 12 16 12 12 8 12 18 16 9 24 26 0 22 12 9 15 13 11 16 12 11 17 12 10 13 18 10 10 0 
1430446184.92 9 7 0 9 0 0 0 0 0 0 0 0 0 0 14 0 14 17 10 12 11 14 23 19 24 29 38 35 26 24 10 18 12 16 12 12 8 12 18 16 9 24 26 0 22 12 9 15 13 11 16 12 11 17 12 10 13 18 10 10 0 
1430446185.44 9 7 0 9 0 0 0 0 0 0 0 0 0 0 14 0 14 17 10 12 11 14 23 19 24 29 38 35 26 24 10 18 12 16 12 12 8 12 18 16 9 24 26 0 22 12 9 15 13 11 16 12 11 17 12 10 13 18 10 10 0 
1430446185.98 9 7 0 9 0 0 0 0 0 0 0 0 0 0 14 0 14 17 10 12 12 23 23 24 37 44 45 27 25 30 10 18 12 16 7 14 11 12 18 16 9 24 26 0 22 12 9 15 13 11 16 12 11 17 12 10 13 18 10 10 0 
1430446186.49 9 7 0 9 0 0 0 0 0 0 0 0 0 0 14 0 14 17 10 12 12 23 23 24 37 44 45 27 25 30 10 18 12 16 7 14 11 12 18 16 9 24 26 0 22 12 9 15 13 11 16 12 11 17 12 10 13 18 10 10 0 
1430446187.03 9 7 0 9 0 0 0 0 0 0 0 0 0 0 14 0 14 17 10 12 12 23 23 24 37 44 45 27 25 30 10 18 12 16 7 14 11 12 18 16 9 24 26 0 22 12 9 15 13 11 16 12 11 17 12 10 13 18 10 10 0 
1430446187.54 9 7 0 9 0 0 0 0 0 0 0 0 0 0 14 0 14 17 10 12 12 23 23 24 37 44 45 27 25 30 10 18 12 16 7 14 11 12 18 16 9 24 26 0 22 12 9 15 13 11 16 12 11 17 12 10 13 18 10 10 0 
1430446188.07 9 7 0 9 0 0 0 0 0 0 0 0 0 0 14 0 14 17 10 12 12 23 23 24 37 44 45 27 25 30 10 18 12 16 7 14 11 12 18 16 9 24 26 0 22 12 9 15 13 11 16 12 11 17 12 10 13 18 10 10 0 
1430446188.6 9 7 0 9 0 0 0 0 0 0 0 0 0 0 14 0 14 13 9 12 8 25 16 30 39 35 39 31 30 13 10 18 12 16 7 14 11 12 18 16 9 24 26 0 22 12 9 15 13 11 16 12 11 17 12 10 13 18 10 10 0 
1430446189.13 9 7 0 9 0 0 0 0 0 0 0 0 0 0 14 0 14 13 9 12 8 25 16 30 39 35 39 31 30 13 10 18 12 16 7 14 11 12 18 16 9 24 26 0 22 12 9 15 13 11 16 12 11 17 12 10 13 18 10 10 0 
1430446189.67 9 7 0 9 0 0 0 0 0 0 0 0 0 0 14 0 14 13 9 12 8 25 16 30 39 35 39 31 30 13 10 18 12 16 7 14 11 12 18 16 9 24 26 0 22 12 9 15 13 11 16 12 11 17 12 10 13 18 10 10 0 
1430446190.21 9 7 0 9 0 0 0 0 0 0 0 0 0 0 14 0 14 13 9 12 8 25 16 30 39 35 39 31 30 13 10 18 12 16 7 14 11 12 18 16 9 24 26 0 22 12 9 15 13 11 16 12 11 17 12 10 13 18 10 10 0 
1430446190.73 9 7 0 9 0 0 0 0 0 0 0 0 0 0 14 0 14 13 9 12 8 25 16 30 39 35 39 31 30 13 10 18 12 16 7 14 11 12 18 16 9 24 26 0 22 12 9 15 13 11 16 12 11 17 12 10 13 18 10 10 0 
1430446191.27 9 7 0 9 0 0 0 0 0 0 0 0 0 0 14 0 14 13 9 12 8 19 19 26 39 39 30 35 21 14 10 10 12 16 7 14 11 8 18 8 9 24 26 0 22 12 9 15 13 11 16 12 11 17 12 10 13 18 10 10 0 
1430446191.79 9 7 0 9 0 0 0 0 0 0 0 0 0 0 14 0 14 13 9 12 8 19 19 26 39 39 30 35 21 14 10 10 12 16 7 14 11 8 18 8 9 24 26 0 22 12 9 15 13 11 16 12 11 17 12 10 13 18 10 10 0 
1430446192.32 9 7 0 9 0 0 0 0 0 0 0 0 0 0 14 0 14 13 9 12 8 19 19 26 39 39 30 35 21 14 10 10 12 16 7 14 11 8 18 8 9 24 26 0 22 12 9 15 13 11 16 12 11 17 12 10 13 18 10 10 0 
1430446192.83 9 7 0 9 0 0 0 0 0 0 0 0 0 0 14 0 14 13 9 12 8 19 19 26 39 39 30 35 21 14 10 10 12 16 7 14 11 8 18 8 9 24 26 0 22 12 9 15 13 11 16 12 11 17 12 10 13 18 10 10 0 
1430446193.38 9 7 0 9 0 0 0 0 0 0 0 0 0 0 14 0 14 13 9 12 8 19 19 26 39 39 30 35 21 14 10 10 12 16 7 14 11 8 18 8 9 24 26 0 22 12 9 15 13 11 16 12 11 17 12 10 13 18 10 10 0 
1430446193.9 9 7 0 9 0 0 0 0 0 0 0 0 0 0 14 0 14 13 9 12 8 24 30 15 34 42 35 16 14 14 9 12 12 16 7 14 11 8 18 8 9 24 26 0 22 12 9 15 13 11 16 12 11 17 12 10 13 18 10 10 0 
1430446194.41 9 7 0 9 0 0 0 0 0 0 0 0 0 0 14 0 14 13 9 12 8 24 30 15 34 42 35 16 14 14 9 12 12 16 7 14 11 8 18 8 9 24 26 0 22 12 9 15 13 11 16 12 11 17 12 10 13 18 10 10 0 
1430446194.93 9 7 0 9 0 0 0 0 0 0 0 0 0 0 14 0 14 13 9 12 8 24 30 15 34 42 35 16 14 14 9 12 12 16 7 14 11 8 18 8 9 24 26 0 22 12 9 15 13 11 16 12 11 17 12 10 13 18 10 10 0 
1430446195.45 9 7 0 9 0 0 0 0 0 0 0 0 0 0 14 0 14 13 9 12 8 24 30 15 34 42 35 16 14 14 9 12 12 16 7 14 11 8 18 8 9 24 26 0 22 12 9 15 13 11 16 12 11 17 12 10 13 18 10 10 0 
1430446195.98 9 7 0 9 0 0 0 0 0 0 0 0 0 0 14 0 14 13 9 12 8 24 30 15 34 42 35 16 14 14 9 12 12 16 7 14 11 8 18 8 9 24 26 0 22 12 9 15 13 11 16 12 11 17 12 10 13 18 10 10 0 
1430446196.51 9 7 0 9 0 0 0 0 0 0 0 0 0 0 14 0 14 12 9 12 19 30 30 13 30 18 12 28 17 14 9 12 12 16 7 14 11 8 7 8 9 24 26 0 22 12 9 15 13 11 16 12 11 17 12 10 13 18 10 10 0 
1430446197.01 9 7 0 9 0 0 0 0 0 0 0 0 0 0 14 0 14 12 9 12 19 30 30 13 30 18 12 28 17 14 9 12 12 16 7 14 11 8 7 8 9 24 26 0 22 12 9 15 13 11 16 12 11 17 12 10 13 18 10 10 0 
1430446197.54 9 7 0 9 0 0 0 0 0 0 0 0 0 0 14 0 14 12 9 12 19 30 30 13 30 18 12 28 17 14 9 12 12 16 7 14 11 8 7 8 9 24 26 0 22 12 9 15 13 11 16 12 11 17 12 10 13 18 10 10 0 
1430446198.08 9 7 0 9 0 0 0 0 0 0 0 0 0 0 14 0 14 12 9 12 19 30 30 13 30 18 12 28 17 14 9 12 12 16 7 14 11 8 7 8 9 24 26 0 22 12 9 15 13 11 16 12 11 17 12 10 13 18 10 10 0 
1430446198.6 9 7 0 9 0 0 0 0 0 0 0 0 0 0 14 0 14 12 9 12 19 30 30 13 30 18 12 28 17 14 9 12 12 16 7 14 11 8 7 8 9 24 26 0 22 12 9 15 13 11 16 12 11 17 12 10 13 18 10 10 0 
1430446199.12 9 7 0 9 0 0 0 0 0 0 0 0 0 0 20 0 17 15 18 16 19 32 34 30 42 23 31 24 17 14 9 16 12 16 7 14 11 8 7 8 9 24 26 0 22 12 9 15 13 11 16 12 11 17 12 10 13 18 10 10 0 
1430446199.67 9 7 0 9 0 0 0 0 0 0 0 0 0 0 20 0 17 15 18 16 19 32 34 30 42 23 31 24 17 14 9 16 12 16 7 14 11 8 7 8 9 24 26 0 22 12 9 15 13 11 16 12 11 17 12 10 13 18 10 10 0 
1430446200.2 9 7 0 9 0 0 0 0 0 0 0 0 0 0 20 0 17 15 18 16 19 32 34 30 42 23 31 24 17 14 9 16 12 16 7 14 11 8 7 8 9 24 26 0 22 12 9 15 13 11 16 12 11 17 12 10 13 18 10 10 0 
1430446200.71 9 7 0 9 0 0 0 0 0 0 0 0 0 0 20 0 17 15 18 16 19 32 34 30 42 23 31 24 17 14 9 16 12 16 7 14 11 8 7 8 9 24 26 0 22 12 9 15 13 11 16 12 11 17 12 10 13 18 10 10 0 
1430446201.23 9 7 0 9 0 0 0 0 0 0 0 0 0 0 20 0 17 15 18 16 19 32 34 30 42 23 31 24 17 14 9 16 12 16 7 14 11 8 7 8 9 24 26 0 22 12 9 15 13 11 16 12 11 17 12 10 13 18 10 10 0 
1430446201.76 9 7 0 9 0 0 0 0 0 0 0 0 0 0 20 0 17 15 13 9 19 32 43 17 31 17 27 26 21 14 9 16 12 16 7 14 5 8 7 8 9 24 26 0 22 12 9 15 13 11 16 12 11 17 12 10 13 18 10 10 0 
1430446202.28 9 7 0 9 0 0 0 0 0 0 0 0 0 0 20 0 17 15 13 9 19 32 43 17 31 17 27 26 21 14 9 16 12 16 7 14 5 8 7 8 9 24 26 0 22 12 9 15 13 11 16 12 11 17 12 10 13 18 10 10 0 
1430446202.81 9 7 0 9 0 0 0 0 0 0 0 0 0 0 20 0 17 15 13 9 19 32 43 17 31 17 27 26 21 14 9 16 12 16 7 14 5 8 7 8 9 24 26 0 22 12 9 15 13 11 16 12 11 17 12 10 13 18 10 10 0 
1430446203.33 9 7 0 9 0 0 0 0 0 0 0 0 0 0 20 0 17 15 13 9 19 32 43 17 31 17 27 26 21 14 9 16 12 16 7 14 5 8 7 8 9 24 26 0 22 12 9 15 13 11 16 12 11 17 12 10 13 18 10 10 0 
1430446203.87 9 7 0 9 0 0 0 0 0 0 0 0 0 0 20 0 17 15 13 9 19 32 43 17 31 17 27 26 21 14 9 16 12 16 7 14 5 8 7 8 9 24 26 0 22 12 9 15 13 11 16 12 11 17 12 10 13 18 10 10 0 
1430446204.4 9 7 0 9 0 0 0 0 0 0 0 0 0 0 20 0 17 15 12 12 25 28 35 41 33 30 12 16 21 14 10 16 12 16 7 14 5 8 7 8 9 24 26 0 22 12 9 15 13 11 16 12 11 17 12 10 13 18 10 10 0 
1430446204.91 9 7 0 9 0 0 0 0 0 0 0 0 0 0 20 0 17 15 12 12 25 28 35 41 33 30 12 16 21 14 10 16 12 16 7 14 5 8 7 8 9 24 26 0 22 12 9 15 13 11 16 12 11 17 12 10 13 18 10 10 0 
1430446205.44 9 7 0 9 0 0 0 0 0 0 0 0 0 0 20 0 17 15 12 12 25 28 35 41 33 30 12 16 21 14 10 16 12 16 7 14 5 8 7 8 9 24 26 0 22 12 9 15 13 11 16 12 11 17 12 10 13 18 10 10 0 
1430446205.95 9 7 0 9 0 0 0 0 0 0 0 0 0 0 20 0 17 15 12 12 25 28 35 41 33 30 12 16 21 14 10 16 12 16 7 14 5 8 7 8 9 24 26 0 22 12 9 15 13 11 16 12 11 17 12 10 13 18 10 10 0 
1430446206.46 9 7 0 9 0 0 0 0 0 0 0 0 0 0 20 0 17 15 12 12 25 28 35 41 33 30 12 16 21 14 10 16 12 16 7 14 5 8 7 8 9 24 26 0 22 12 9 15 13 11 16 12 11 17 12 10 13 18 10 10 0 
1430446206.98 9 7 0 9 0 0 0 0 0 0 0 10 0 0 18 0 9 11 23 27 25 14 15 23 19 25 24 22 11 14 10 16 12 16 7 14 5 8 7 8 9 24 26 0 22 12 9 15 13 11 16 12 11 17 12 10 13 18 10 10 0 
1430446207.5 9 7 0 9 0 0 0 0 0 0 0 10 0 0 18 0 9 11 23 27 25 14 15 23 19 25 24 22 11 14 10 16 12 16 7 14 5 8 7 8 9 24 26 0 22 12 9 15 13 11 16 12 11 17 12 10 13 18 10 10 0 
1430446208.04 9 7 0 9 0 0 0 0 0 0 0 10 0 0 18 0 9 11 23 27 25 14 15 23 19 25 24 22 11 14 10 16 12 16 7 14 5 8 7 8 9 24 26 0 22 12 9 15 13 11 16 12 11 17 12 10 13 18 10 10 0 
1430446208.57 9 7 0 9 0 0 0 0 0 0 0 10 0 0 18 0 9 11 23 27 25 14 15 23 19 25 24 22 11 14 10 16 12 16 7 14 5 8 7 8 9 24 26 0 22 12 9 15 13 11 16 12 11 17 12 10 13 18 10 10 0 
1430446209.1 9 7 0 9 0 0 0 0 0 0 0 10 0 0 18 0 9 11 23 27 25 14 15 23 19 25 24 22 11 14 10 16 12 16 7 14 5 8 7 8 9 24 26 0 22 12 9 15 13 11 16 12 11 17 12 10 13 18 10 10 0 
1430446209.62 9 7 0 9 0 0 0 0 0 0 0 10 0 0 22 0 17 11 23 25 18 27 30 26 26 13 27 19 11 14 10 16 12 9 7 14 5 8 7 8 9 24 26 0 22 12 9 15 13 11 16 12 11 17 12 10 13 18 10 10 0 
1430446210.14 9 7 0 9 0 0 0 0 0 0 0 10 0 0 22 0 17 11 23 25 18 27 30 26 26 13 27 19 11 14 10 16 12 9 7 14 5 8 7 8 9 24 26 0 22 12 9 15 13 11 16 12 11 17 12 10 13 18 10 10 0 
1430446210.67 9 7 0 9 0 0 0 0 0 0 0 10 0 0 22 0 17 11 23 25 18 27 30 26 26 13 27 19 11 14 10 16 12 9 7 14 5 8 7 8 9 24 26 0 22 12 9 15 13 11 16 12 11 17 12 10 13 18 10 10 0 
1430446211.2 9 7 0 9 0 0 0 0 0 0 0 10 0 0 22 0 17 11 23 25 18 27 30 26 26 13 27 19 11 14 10 16 12 9 7 14 5 8 7 8 9 24 26 0 22 12 9 15 13 11 16 12 11 17 12 10 13 18 10 10 0 
1430446211.72 9 7 0 9 0 0 0 0 0 0 0 10 0 0 22 0 17 11 23 25 18 27 30 26 26 13 27 19 11 14 10 16 12 9 7 14 5 8 7 8 9 24 26 0 22 12 9 15 13 11 16 12 11 17 12 10 13 18 10 10 0 
1430446212.24 9 7 0 9 0 0 0 0 0 0 0 10 0 12 15 0 17 11 32 23 41 22 35 30 23 13 17 10 11 14 10 16 12 9 7 14 5 8 7 8 9 24 26 0 22 12 9 15 13 11 16 12 11 17 12 10 13 18 10 10 0 
1430446212.75 9 7 0 9 0 0 0 0 0 0 0 10 0 12 15 0 17 11 32 23 41 22 35 30 23 13 17 10 11 14 10 16 12 9 7 14 5 8 7 8 9 24 26 0 22 12 9 15 13 11 16 12 11 17 12 10 13 18 10 10 0 
1430446213.28 9 7 0 9 0 0 0 0 0 0 0 10 0 12 15 0 17 11 32 23 41 22 35 30 23 13 17 10 11 14 10 16 12 9 7 14 5 8 7 8 9 24 26 0 22 12 9 15 13 11 16 12 11 17 12 10 13 18 10 10 0 
1430446213.82 9 7 0 9 0 0 0 0 0 0 0 10 0 12 15 0 17 11 32 23 41 22 35 30 23 13 17 10 11 14 10 16 12 9 7 14 5 8 7 8 9 24 26 0 22 12 9 15 13 11 16 12 11 17 12 10 13 18 10 10 0 
1430446214.35 9 7 0 9 0 0 0 0 0 0 0 10 0 12 15 0 17 11 32 23 41 22 35 30 23 13 17 10 11 14 10 16 12 9 7 14 5 8 7 8 9 24 26 0 22 12 9 15 13 11 16 12 11 17 12 10 13 18 10 10 0 
1430446214.88 9 7 0 9 0 0 0 0 0 0 10 10 0 12 9 0 19 26 24 27 21 22 35 30 23 13 17 10 11 14 10 16 12 9 7 14 5 8 7 8 9 24 26 0 22 12 9 15 13 11 16 12 11 17 12 10 13 18 10 10 0 
1430446215.39 9 7 0 9 0 0 0 0 0 0 10 10 0 12 9 0 19 26 24 27 21 22 35 30 23 13 17 10 11 14 10 16 12 9 7 14 5 8 7 8 9 24 26 0 22 12 9 15 13 11 16 12 11 17 12 10 13 18 10 10 0 
1430446215.93 9 7 0 9 0 0 0 0 0 0 10 10 0 12 9 0 19 26 24 27 21 22 35 30 23 13 17 10 11 14 10 16 12 9 7 14 5 8 7 8 9 24 26 0 22 12 9 15 13 11 16 12 11 17 12 10 13 18 10 10 0 
1430446216.46 9 7 0 9 0 0 0 0 0 0 10 10 0 12 9 0 19 26 24 27 21 22 35 30 23 13 17 10 11 14 10 16 12 9 7 14 5 8 7 8 9 24 26 0 22 12 9 15 13 11 16 12 11 17 12 10 13 18 10 10 0 
1430446217.0 9 7 0 9 0 0 0 0 0 0 10 10 0 12 9 0 19 26 24 27 21 22 35 30 23 13 17 10 11 14 10 16 12 9 7 14 5 8 7 8 9 24 26 0 22 12 9 15 13 11 16 12 11 17 12 10 13 18 10 10 0 
1430446217.53 9 7 0 9 0 0 0 0 0 0 10 10 0 12 21 0 23 23 26 24 27 22 25 15 23 13 17 10 11 14 10 16 12 9 14 14 5 8 7 8 9 24 26 0 22 11 9 10 13 11 16 12 11 17 12 10 13 18 10 10 0 
1430446218.05 9 7 0 9 0 0 0 0 0 0 10 10 0 12 21 0 23 23 26 24 27 22 25 15 23 13 17 10 11 14 10 16 12 9 14 14 5 8 7 8 9 24 26 0 22 11 9 10 13 11 16 12 11 17 12 10 13 18 10 10 0 
1430446218.59 9 7 0 9 0 0 0 0 0 0 10 10 0 12 21 0 23 23 26 24 27 22 25 15 23 13 17 10 11 14 10 16 12 9 14 14 5 8 7 8 9 24 26 0 22 11 9 10 13 11 16 12 11 17 12 10 13 18 10 10 0 
1430446219.12 9 7 0 9 0 0 0 0 0 0 10 10 0 12 21 0 23 23 26 24 27 22 25 15 23 13 17 10 11 14 10 16 12 9 14 14 5 8 7 8 9 24 26 0 22 11 9 10 13 11 16 12 11 17 12 10 13 18 10 10 0 
1430446219.66 9 7 0 9 0 0 0 0 0 0 10 10 0 12 21 0 23 23 26 24 27 22 25 15 23 13 17 10 11 14 10 16 12 9 14 14 5 8 7 8 9 24 26 0 22 11 9 10 13 11 16 12 11 17 12 10 13 18 10 10 0 
1430446220.18 9 7 0 9 0 0 0 0 0 0 10 10 0 12 21 0 23 23 26 24 27 22 25 15 23 13 17 10 11 14 10 16 12 9 14 14 5 8 7 8 9 24 26 0 22 11 9 10 13 11 16 12 11 17 12 10 13 18 10 10 0 
1430446220.7 9 7 0 9 0 0 0 0 0 0 10 10 0 12 21 0 23 23 26 24 27 22 25 15 23 13 17 10 11 14 10 16 12 9 14 14 5 8 7 8 9 24 26 0 22 11 9 10 13 11 16 12 11 17 12 10 13 18 10 10 0 
1430446221.21 9 7 0 9 0 0 0 0 0 0 10 10 0 12 21 0 23 23 26 24 27 22 25 15 23 13 17 10 11 14 10 16 12 9 14 14 5 8 7 8 9 24 26 0 22 11 9 10 13 11 16 12 11 17 12 10 13 18 10 10 0 
1430446221.72 9 7 0 9 0 0 0 0 0 0 10 10 0 12 21 0 23 23 26 24 27 22 25 15 23 13 17 10 11 14 10 16 12 9 14 14 5 8 7 8 9 24 26 0 22 11 9 10 13 11 16 12 11 17 12 10 13 18 10 10 0 
1430446222.23 9 7 0 9 0 0 0 0 0 0 10 10 0 12 21 0 23 23 26 24 27 22 25 15 23 13 17 10 11 14 10 16 12 9 14 14 5 8 7 8 9 24 26 0 22 11 9 10 13 11 16 12 11 17 12 10 13 18 10 10 0 
1430446222.73 9 11 0 9 0 0 0 0 0 0 10 17 0 12 21 0 25 30 41 41 26 18 18 15 23 13 17 10 11 14 10 16 12 9 14 16 5 8 7 8 9 24 26 0 22 11 9 10 13 11 16 12 11 17 12 10 13 18 10 10 0 
1430446223.24 9 11 0 9 0 0 0 0 0 0 10 17 0 12 21 0 25 30 41 41 26 18 18 15 23 13 17 10 11 14 10 16 12 9 14 16 5 8 7 8 9 24 26 0 22 11 9 10 13 11 16 12 11 17 12 10 13 18 10 10 0 
1430446223.75 9 11 0 9 0 0 0 0 0 0 10 17 0 12 21 0 25 30 41 41 26 18 18 15 23 13 17 10 11 14 10 16 12 9 14 16 5 8 7 8 9 24 26 0 22 11 9 10 13 11 16 12 11 17 12 10 13 18 10 10 0 
1430446224.25 9 11 0 9 0 0 0 0 0 0 10 17 0 12 21 0 25 30 41 41 26 18 18 15 23 13 17 10 11 14 10 16 12 9 14 16 5 8 7 8 9 24 26 0 22 11 9 10 13 11 16 12 11 17 12 10 13 18 10 10 0 
1430446224.79 9 11 0 9 0 0 0 0 0 0 10 17 0 12 21 0 25 30 41 41 26 18 18 15 23 13 17 10 11 14 10 16 12 9 14 16 5 8 7 8 9 24 26 0 22 11 9 10 13 11 16 12 11 17 12 10 13 18 10 10 0 
1430446225.33 9 11 0 9 0 0 0 0 0 0 10 17 0 12 21 0 25 30 41 41 26 18 18 15 23 13 17 10 11 14 10 16 12 9 14 16 5 8 7 8 9 24 26 0 22 11 9 10 13 11 16 12 11 17 12 10 13 18 10 10 0 
1430446225.87 9 11 0 9 0 0 0 0 0 0 10 17 0 12 13 0 20 17 45 40 28 18 16 15 23 13 17 10 11 14 10 16 12 9 14 16 5 8 7 8 9 24 26 0 22 11 9 10 13 11 16 12 11 17 12 10 13 18 10 10 0 
1430446226.42 9 11 0 9 0 0 0 0 0 0 10 17 0 12 13 0 20 17 45 40 28 18 16 15 23 13 17 10 11 14 10 16 12 9 14 16 5 8 7 8 9 24 26 0 22 11 9 10 13 11 16 12 11 17 12 10 13 18 10 10 0 
1430446226.93 9 11 0 9 0 0 0 0 0 0 10 17 0 12 13 0 20 17 45 40 28 18 16 15 23 13 17 10 11 14 10 16 12 9 14 16 5 8 7 8 9 24 26 0 22 11 9 10 13 11 16 12 11 17 12 10 13 18 10 10 0 
1430446227.45 9 11 0 9 0 0 0 0 0 0 10 17 0 12 13 0 20 17 45 40 28 18 16 15 23 13 17 10 11 14 10 16 12 9 14 16 5 8 7 8 9 24 26 0 22 11 9 10 13 11 16 12 11 17 12 10 13 18 10 10 0 
1430446227.98 9 11 0 9 0 0 0 0 0 0 10 17 0 12 13 0 20 17 45 40 28 18 16 15 23 13 17 10 11 14 10 16 12 9 14 16 5 8 7 8 9 24 26 0 22 11 9 10 13 11 16 12 11 17 12 10 13 18 10 10 0 
1430446228.51 9 11 0 9 0 0 0 0 0 0 10 17 0 12 13 0 20 17 45 40 28 18 16 15 23 13 17 10 11 14 10 16 12 9 14 16 5 8 7 8 9 24 26 0 22 11 9 10 13 11 16 12 11 17 12 10 13 18 10 10 0 
1430446229.03 9 11 0 9 0 0 0 0 0 0 16 17 0 9 25 0 12 37 40 34 28 18 16 15 23 13 17 10 11 14 10 16 12 9 14 16 5 8 7 8 9 24 26 0 22 11 9 10 13 11 16 12 11 17 12 10 13 18 10 10 0 
1430446229.55 9 11 0 9 0 0 0 0 0 0 16 17 0 9 25 0 12 37 40 34 28 18 16 15 23 13 17 10 11 14 10 16 12 9 14 16 5 8 7 8 9 24 26 0 22 11 9 10 13 11 16 12 11 17 12 10 13 18 10 10 0 
1430446230.07 9 11 0 9 0 0 0 0 0 0 16 17 0 9 25 0 12 37 40 34 28 18 16 15 23 13 17 10 11 14 10 16 12 9 14 16 5 8 7 8 9 24 26 0 22 11 9 10 13 11 16 12 11 17 12 10 13 18 10 10 0 
1430446230.57 9 11 0 9 0 0 0 0 0 0 16 17 0 9 25 0 12 37 40 34 28 18 16 15 23 13 17 10 11 14 10 16 12 9 14 16 5 8 7 8 9 24 26 0 22 11 9 10 13 11 16 12 11 17 12 10 13 18 10 10 0 
1430446231.09 9 11 0 9 0 0 0 0 0 0 16 17 0 9 25 0 12 37 40 34 28 18 16 15 23 13 17 10 11 14 10 16 12 9 14 16 5 8 7 8 9 24 26 0 22 11 9 10 13 11 16 12 11 17 12 10 13 18 10 10 0 
1430446231.61 9 11 0 9 0 0 0 0 0 0 16 17 0 9 25 0 12 37 40 34 28 18 16 15 23 13 17 10 11 14 10 16 12 9 14 16 5 8 7 8 9 24 26 0 22 11 9 10 13 11 16 12 11 17 12 10 13 18 10 10 0 
1430446232.12 9 11 0 9 0 0 0 0 0 0 17 17 0 9 28 0 31 32 44 39 17 18 16 15 23 13 17 10 11 14 10 16 12 9 14 14 5 8 7 8 9 24 26 0 22 11 9 10 13 11 16 12 11 17 12 10 13 18 10 10 0 
1430446232.65 9 11 0 9 0 0 0 0 0 0 17 17 0 9 28 0 31 32 44 39 17 18 16 15 23 13 17 10 11 14 10 16 12 9 14 14 5 8 7 8 9 24 26 0 22 11 9 10 13 11 16 12 11 17 12 10 13 18 10 10 0 
1430446233.17 9 11 0 9 0 0 0 0 0 0 17 17 0 9 28 0 31 32 44 39 17 18 16 15 23 13 17 10 11 14 10 16 12 9 14 14 5 8 7 8 9 24 26 0 22 11 9 10 13 11 16 12 11 17 12 10 13 18 10 10 0 
1430446233.69 9 11 0 9 0 0 0 0 0 0 17 17 0 9 28 0 31 32 44 39 17 18 16 15 23 13 17 10 11 14 10 16 12 9 14 14 5 8 7 8 9 24 26 0 22 11 9 10 13 11 16 12 11 17 12 10 13 18 10 10 0 
1430446234.22 9 11 0 9 0 0 0 0 0 0 17 17 0 9 28 0 31 32 44 39 17 18 16 15 23 13 17 10 11 14 10 16 12 9 14 14 5 8 7 8 9 24 26 0 22 11 9 10 13 11 16 12 11 17 12 10 13 18 10 10 0 
1430446234.74 9 11 0 9 0 0 0 0 0 0 17 17 0 9 28 0 31 32 44 39 17 18 16 15 23 13 17 10 11 14 10 16 12 9 14 14 5 8 7 8 9 24 26 0 22 11 9 10 13 11 16 12 11 17 12 10 13 18 10 10 0 
1430446235.27 9 11 0 9 0 0 0 0 0 0 17 21 0 9 28 0 39 39 30 23 21 18 16 15 23 13 17 10 11 14 10 16 12 9 14 14 5 8 7 8 9 24 26 0 22 13 9 10 13 11 16 12 11 17 12 10 13 18 10 10 0 
1430446235.79 9 11 0 9 0 0 0 0 0 0 17 21 0 9 28 0 39 39 30 23 21 18 16 15 23 13 17 10 11 14 10 16 12 9 14 14 5 8 7 8 9 24 26 0 22 13 9 10 13 11 16 12 11 17 12 10 13 18 10 10 0 
1430446236.3 9 11 0 9 0 0 0 0 0 0 17 21 0 9 28 0 39 39 30 23 21 18 16 15 23 13 17 10 11 14 10 16 12 9 14 14 5 8 7 8 9 24 26 0 22 13 9 10 13 11 16 12 11 17 12 10 13 18 10 10 0 
1430446236.82 9 11 0 9 0 0 0 0 0 0 17 21 0 9 28 0 39 39 30 23 21 18 16 15 23 13 17 10 11 14 10 16 12 9 14 14 5 8 7 8 9 24 26 0 22 13 9 10 13 11 16 12 11 17 12 10 13 18 10 10 0 
1430446237.33 9 11 0 9 0 0 0 0 0 0 17 21 0 9 28 0 39 39 30 23 21 18 16 15 23 13 17 10 11 14 10 16 12 9 14 14 5 8 7 8 9 24 26 0 22 13 9 10 13 11 16 12 11 17 12 10 13 18 10 10 0 
1430446237.84 9 11 0 9 0 0 0 0 0 0 17 21 0 9 28 0 39 39 30 23 21 18 16 15 23 13 17 10 11 14 10 16 12 9 14 14 5 8 7 8 9 24 26 0 22 13 9 10 13 11 16 12 11 17 12 10 13 18 10 10 0 
1430446238.36 9 11 0 9 0 0 0 0 0 0 13 14 0 9 27 0 41 30 29 15 21 18 16 15 23 13 17 10 11 14 10 16 12 9 14 14 5 8 7 8 9 24 26 0 22 13 9 10 13 11 16 12 11 17 12 10 13 18 10 10 0 
1430446238.89 9 11 0 9 0 0 0 0 0 0 13 14 0 9 27 0 41 30 29 15 21 18 16 15 23 13 17 10 11 14 10 16 12 9 14 14 5 8 7 8 9 24 26 0 22 13 9 10 13 11 16 12 11 17 12 10 13 18 10 10 0 
1430446239.42 9 11 0 9 0 0 0 0 0 0 13 14 0 9 27 0 41 30 29 15 21 18 16 15 23 13 17 10 11 14 10 16 12 9 14 14 5 8 7 8 9 24 26 0 22 13 9 10 13 11 16 12 11 17 12 10 13 18 10 10 0 
1430446239.94 9 11 0 9 0 0 0 0 0 0 13 14 0 9 27 0 41 30 29 15 21 18 16 15 23 13 17 10 11 14 10 16 12 9 14 14 5 8 7 8 9 24 26 0 22 13 9 10 13 11 16 12 11 17 12 10 13 18 10 10 0 
1430446240.46 9 11 0 9 0 0 0 0 0 0 13 14 0 9 27 0 41 30 29 15 21 18 16 15 23 13 17 10 11 14 10 16 12 9 14 14 5 8 7 8 9 24 26 0 22 13 9 10 13 11 16 12 11 17 12 10 13 18 10 10 0 
1430446240.98 9 11 0 9 0 0 0 0 0 0 25 28 0 9 41 0 32 34 14 22 23 18 16 15 23 13 17 10 11 14 10 16 12 9 14 14 5 8 7 8 9 24 26 0 22 13 9 14 13 11 16 12 11 17 12 10 13 18 10 10 0 
1430446241.5 9 11 0 9 0 0 0 0 0 0 25 28 0 9 41 0 32 34 14 22 23 18 16 15 23 13 17 10 11 14 10 16 12 9 14 14 5 8 7 8 9 24 26 0 22 13 9 14 13 11 16 12 11 17 12 10 13 18 10 10 0 
1430446242.03 9 11 0 9 0 0 0 0 0 0 25 28 0 9 41 0 32 34 14 22 23 18 16 15 23 13 17 10 11 14 10 16 12 9 14 14 5 8 7 8 9 24 26 0 22 13 9 14 13 11 16 12 11 17 12 10 13 18 10 10 0 
1430446242.57 9 11 0 9 0 0 0 0 0 0 25 28 0 9 41 0 32 34 14 22 23 18 16 15 23 13 17 10 11 14 10 16 12 9 14 14 5 8 7 8 9 24 26 0 22 13 9 14 13 11 16 12 11 17 12 10 13 18 10 10 0 
1430446243.1 9 11 0 9 0 0 0 0 0 0 25 28 0 9 41 0 32 34 14 22 23 18 16 15 23 13 17 10 11 14 10 16 12 9 14 14 5 8 7 8 9 24 26 0 22 13 9 14 13 11 16 12 11 17 12 10 13 18 10 10 0 
1430446243.63 9 11 0 9 0 0 0 0 0 0 27 19 0 9 24 0 15 32 26 23 18 12 16 15 23 13 17 10 11 14 10 16 12 9 14 14 5 8 7 8 9 24 26 0 22 13 9 14 13 11 16 12 11 17 12 10 13 18 10 10 0 
1430446244.15 9 11 0 9 0 0 0 0 0 0 27 19 0 9 24 0 15 32 26 23 18 12 16 15 23 13 17 10 11 14 10 16 12 9 14 14 5 8 7 8 9 24 26 0 22 13 9 14 13 11 16 12 11 17 12 10 13 18 10 10 0 
1430446244.66 9 11 0 9 0 0 0 0 0 0 27 19 0 9 24 0 15 32 26 23 18 12 16 15 23 13 17 10 11 14 10 16 12 9 14 14 5 8 7 8 9 24 26 0 22 13 9 14 13 11 16 12 11 17 12 10 13 18 10 10 0 
1430446245.18 9 11 0 9 0 0 0 0 0 0 27 19 0 9 24 0 15 32 26 23 18 12 16 15 23 13 17 10 11 14 10 16 12 9 14 14 5 8 7 8 9 24 26 0 22 13 9 14 13 11 16 12 11 17 12 10 13 18 10 10 0 
1430446245.69 9 11 0 9 0 0 0 0 0 0 27 19 0 9 24 0 15 32 26 23 18 12 16 15 23 13 17 10 11 14 10 16 12 9 14 14 5 8 7 8 9 24 26 0 22 13 9 14 13 11 16 12 11 17 12 10 13 18 10 10 0 
1430446246.23 9 11 0 9 0 0 0 0 0 0 27 19 0 9 24 0 15 32 26 23 18 12 16 15 23 13 17 10 11 14 10 16 12 9 14 14 5 8 7 8 9 24 26 0 22 13 9 14 13 11 16 12 11 17 12 10 13 18 10 10 0 
1430446246.76 9 11 0 9 0 0 0 0 0 14 21 29 18 19 43 0 27 29 15 23 18 9 16 15 23 13 17 10 11 14 10 16 12 9 15 14 5 8 7 8 9 24 26 0 22 13 9 14 13 11 16 12 11 17 12 10 13 18 10 10 0 
1430446247.3 9 11 0 9 0 0 0 0 0 14 21 29 18 19 43 0 27 29 15 23 18 9 16 15 23 13 17 10 11 14 10 16 12 9 15 14 5 8 7 8 9 24 26 0 22 13 9 14 13 11 16 12 11 17 12 10 13 18 10 10 0 
1430446247.82 9 11 0 9 0 0 0 0 0 14 21 29 18 19 43 0 27 29 15 23 18 9 16 15 23 13 17 10 11 14 10 16 12 9 15 14 5 8 7 8 9 24 26 0 22 13 9 14 13 11 16 12 11 17 12 10 13 18 10 10 0 
1430446248.35 9 11 0 9 0 0 0 0 0 14 21 29 18 19 43 0 27 29 15 23 18 9 16 15 23 13 17 10 11 14 10 16 12 9 15 14 5 8 7 8 9 24 26 0 22 13 9 14 13 11 16 12 11 17 12 10 13 18 10 10 0 
1430446248.86 9 11 0 9 0 0 0 0 0 14 21 29 18 19 43 0 27 29 15 23 18 9 16 15 23 13 17 10 11 14 10 16 12 9 15 14 5 8 7 8 9 24 26 0 22 13 9 14 13 11 16 12 11 17 12 10 13 18 10 10 0 
1430446249.4 9 11 0 9 0 0 0 0 0 14 21 29 18 19 43 0 27 29 15 23 18 9 16 15 23 13 17 10 11 14 10 16 12 9 15 14 5 8 7 8 9 24 26 0 22 13 9 14 13 11 16 12 11 17 12 10 13 18 10 10 0 
1430446249.94 9 11 0 9 0 0 0 0 13 14 28 24 25 19 39 0 27 22 22 23 18 9 16 15 23 13 17 10 11 14 10 16 12 9 15 14 5 8 7 8 9 24 26 0 22 13 9 14 13 11 16 12 11 17 12 10 13 18 10 10 0 
1430446250.47 9 11 0 9 0 0 0 0 13 14 28 24 25 19 39 0 27 22 22 23 18 9 16 15 23 13 17 10 11 14 10 16 12 9 15 14 5 8 7 8 9 24 26 0 22 13 9 14 13 11 16 12 11 17 12 10 13 18 10 10 0 
1430446250.99 9 11 0 9 0 0 0 12 13 14 29 31 25 22 35 0 27 25 22 23 18 9 16 15 23 13 17 10 11 14 10 16 12 9 15 14 5 8 7 8 9 24 26 0 22 13 9 14 13 11 16 12 11 17 12 10 13 18 10 10 0 
1430446251.49 9 11 0 9 0 0 0 12 13 14 29 31 25 22 35 0 27 25 22 23 18 9 16 15 23 13 17 10 11 14 10 16 12 9 15 14 5 8 7 8 9 24 26 0 22 13 9 14 13 11 16 12 11 17 12 10 13 18 10 10 0 
1430446252.01 9 11 0 9 0 0 0 12 13 14 29 31 25 22 35 0 27 25 22 23 18 9 16 15 23 13 17 10 11 14 10 16 12 9 15 14 5 8 7 8 9 24 26 0 22 13 9 14 13 11 16 12 11 17 12 10 13 18 10 10 0 
1430446252.53 9 11 0 9 0 0 0 12 13 14 29 31 25 22 35 0 27 25 22 23 18 9 16 15 23 13 17 10 11 14 10 16 12 9 15 14 5 8 7 8 9 24 26 0 22 13 9 14 13 11 16 12 11 17 12 10 13 18 10 10 0 
1430446253.05 9 11 0 9 0 0 0 12 13 14 29 31 25 22 35 0 27 25 22 23 18 9 16 15 23 13 17 10 11 14 10 16 12 9 15 14 5 8 7 8 9 24 26 0 22 13 9 14 13 11 16 12 11 17 12 10 13 18 10 10 0 
1430446253.57 9 11 0 9 0 0 0 12 17 21 13 28 19 18 39 0 20 21 16 13 19 9 16 15 23 13 17 10 11 14 10 16 12 9 15 14 5 8 7 8 9 24 26 0 22 13 9 14 13 11 16 12 11 17 12 10 13 18 10 10 0 
1430446254.1 9 11 0 9 0 0 0 12 17 21 13 28 19 18 39 0 20 21 16 13 19 9 16 15 23 13 17 10 11 14 10 16 12 9 15 14 5 8 7 8 9 24 26 0 22 13 9 14 13 11 16 12 11 17 12 10 13 18 10 10 0 
1430446254.62 9 11 0 9 0 0 0 12 17 21 13 28 19 18 39 0 20 21 16 13 19 9 16 15 23 13 17 10 11 14 10 16 12 9 15 14 5 8 7 8 9 24 26 0 22 13 9 14 13 11 16 12 11 17 12 10 13 18 10 10 0 
1430446255.13 9 11 0 9 0 0 0 12 17 21 13 28 19 18 39 0 20 21 16 13 19 9 16 15 23 13 17 10 11 14 10 16 12 9 15 14 5 8 7 8 9 24 26 0 22 13 9 14 13 11 16 12 11 17 12 10 13 18 10 10 0 
1430446255.66 9 11 0 9 0 0 0 12 17 21 13 28 19 18 39 0 20 21 16 13 19 9 16 15 23 13 17 10 11 14 10 16 12 9 15 14 5 8 7 8 9 24 26 0 22 13 9 14 13 11 16 12 11 17 12 10 13 18 10 10 0 
1430446256.18 9 11 0 9 0 0 0 12 20 29 31 32 24 29 23 0 18 21 16 13 19 9 16 15 23 13 17 10 11 14 10 16 12 9 15 14 5 8 7 8 9 24 26 0 22 13 9 14 13 11 16 12 11 17 12 10 13 18 10 10 0 
1430446256.69 9 11 0 9 0 0 0 12 20 29 31 32 24 29 23 0 18 21 16 13 19 9 16 15 23 13 17 10 11 14 10 16 12 9 15 14 5 8 7 8 9 24 26 0 22 13 9 14 13 11 16 12 11 17 12 10 13 18 10 10 0 
1430446257.22 9 11 0 9 0 0 0 12 20 29 31 32 24 29 23 0 18 21 16 13 19 9 16 15 23 13 17 10 11 14 10 16 12 9 15 14 5 8 7 8 9 24 26 0 22 13 9 14 13 11 16 12 11 17 12 10 13 18 10 10 0 
1430446257.73 9 11 0 9 0 0 0 12 20 29 31 32 24 29 23 0 18 21 16 13 19 9 16 15 23 13 17 10 11 14 10 16 12 9 15 14 5 8 7 8 9 24 26 0 22 13 9 14 13 11 16 12 11 17 12 10 13 18 10 10 0 
1430446258.27 9 11 0 9 0 0 0 12 20 29 31 32 24 29 23 0 18 21 16 13 19 9 16 15 23 13 17 10 11 14 10 16 12 9 15 14 5 8 7 8 9 24 26 0 22 13 9 14 13 11 16 12 11 17 12 10 13 18 10 10 0 
1430446258.79 10 11 9 9 9 22 0 18 32 28 38 29 34 32 32 0 18 16 12 13 19 9 16 15 23 13 17 10 11 14 10 16 12 9 15 14 5 8 7 8 9 24 26 0 22 13 9 14 13 11 16 12 11 17 12 10 13 18 10 10 0 
1430446259.31 10 11 9 9 9 22 0 18 32 28 38 29 34 32 32 0 18 16 12 13 19 9 16 15 23 13 17 10 11 14 10 16 12 9 15 14 5 8 7 8 9 24 26 0 22 13 9 14 13 11 16 12 11 17 12 10 13 18 10 10 0 
1430446259.82 10 11 9 9 9 22 0 18 32 28 38 29 34 32 32 0 18 16 12 13 19 9 16 15 23 13 17 10 11 14 10 16 12 9 15 14 5 8 7 8 9 24 26 0 22 13 9 14 13 11 16 12 11 17 12 10 13 18 10 10 0 
1430446260.36 10 11 9 9 9 22 0 18 32 28 38 29 34 32 32 0 18 16 12 13 19 9 16 15 23 13 17 10 11 14 10 16 12 9 15 14 5 8 7 8 9 24 26 0 22 13 9 14 13 11 16 12 11 17 12 10 13 18 10 10 0 
1430446260.88 10 11 9 9 9 22 0 18 32 28 38 29 34 32 32 0 18 16 12 13 19 9 16 15 23 13 17 10 11 14 10 16 12 9 15 14 5 8 7 8 9 24 26 0 22 13 9 14 13 11 16 12 11 17 12 10 13 18 10 10 0 
1430446261.43 10 11 9 19 20 16 0 18 27 33 38 38 41 20 26 0 16 28 12 13 19 9 16 15 23 13 17 10 11 14 10 16 12 9 15 14 5 8 7 8 9 24 26 0 22 13 9 14 13 11 16 12 11 17 12 10 13 18 10 10 0 
1430446261.94 10 11 9 19 20 16 0 18 27 33 38 38 41 20 26 0 16 28 12 13 19 9 16 15 23 13 17 10 11 14 10 16 12 9 15 14 5 8 7 8 9 24 26 0 22 13 9 14 13 11 16 12 11 17 12 10 13 18 10 10 0 
1430446262.45 10 11 9 19 20 16 0 18 27 33 38 38 41 20 26 0 16 28 12 13 19 9 16 15 23 13 17 10 11 14 10 16 12 9 15 14 5 8 7 8 9 24 26 0 22 13 9 14 13 11 16 12 11 17 12 10 13 18 10 10 0 
1430446262.98 10 11 9 19 20 16 0 18 27 33 38 38 41 20 26 0 16 28 12 13 19 9 16 15 23 13 17 10 11 14 10 16 12 9 15 14 5 8 7 8 9 24 26 0 22 13 9 14 13 11 16 12 11 17 12 10 13 18 10 10 0 
1430446263.5 10 11 9 19 20 16 0 18 27 33 38 38 41 20 26 0 16 28 12 13 19 9 16 15 23 13 17 10 11 14 10 16 12 9 15 14 5 8 7 8 9 24 26 0 22 13 9 14 13 11 16 12 11 17 12 10 13 18 10 10 0 
1430446264.04 13 11 9 14 20 24 32 29 40 40 45 39 31 28 14 0 12 28 12 13 19 9 16 15 23 13 17 10 11 14 10 16 12 9 15 14 5 8 7 8 9 24 26 0 22 13 9 14 13 11 16 12 11 17 12 10 13 18 10 10 0 
1430446264.55 13 11 9 14 20 24 32 29 40 40 45 39 31 28 14 0 12 28 12 13 19 9 16 15 23 13 17 10 11 14 10 16 12 9 15 14 5 8 7 8 9 24 26 0 22 13 9 14 13 11 16 12 11 17 12 10 13 18 10 10 0 
1430446265.05 13 11 9 14 20 24 32 29 40 40 45 39 31 28 14 0 12 28 12 13 19 9 16 15 23 13 17 10 11 14 10 16 12 9 15 14 5 8 7 8 9 24 26 0 22 13 9 14 13 11 16 12 11 17 12 10 13 18 10 10 0 
1430446265.58 13 11 9 14 20 24 32 29 40 40 45 39 31 28 14 0 12 28 12 13 19 9 16 15 23 13 17 10 11 14 10 16 12 9 15 14 5 8 7 8 9 24 26 0 22 13 9 14 13 11 16 12 11 17 12 10 13 18 10 10 0 
1430446266.11 13 11 9 14 20 24 32 29 40 40 45 39 31 28 14 0 12 28 12 13 19 9 16 15 23 13 17 10 11 14 10 16 12 9 15 14 5 8 7 8 9 24 26 0 22 13 9 14 13 11 16 12 11 17 12 10 13 18 10 10 0 
1430446266.63 16 18 23 16 24 21 28 15 43 38 48 30 15 23 14 0 12 28 12 13 19 9 16 15 23 13 17 10 11 14 10 16 12 9 15 14 5 8 7 8 9 24 26 0 22 13 9 14 13 11 16 12 11 17 12 10 13 18 10 10 0 
1430446267.14 16 18 23 16 24 21 28 15 43 38 48 30 15 23 14 0 12 28 12 13 19 9 16 15 23 13 17 10 11 14 10 16 12 9 15 14 5 8 7 8 9 24 26 0 22 13 9 14 13 11 16 12 11 17 12 10 13 18 10 10 0 
1430446267.67 16 18 23 16 24 21 28 15 43 38 48 30 15 23 14 0 12 28 12 13 19 9 16 15 23 13 17 10 11 14 10 16 12 9 15 14 5 8 7 8 9 24 26 0 22 13 9 14 13 11 16 12 11 17 12 10 13 18 10 10 0 
1430446268.22 16 18 23 16 24 21 28 15 43 38 48 30 15 23 14 0 12 28 12 13 19 9 16 15 23 13 17 10 11 14 10 16 12 9 15 14 5 8 7 8 9 24 26 0 22 13 9 14 13 11 16 12 11 17 12 10 13 18 10 10 0 
1430446268.75 16 18 23 16 24 21 28 15 43 38 48 30 15 23 14 0 12 28 12 13 19 9 16 15 23 13 17 10 11 14 10 16 12 9 15 14 5 8 7 8 9 24 26 0 22 13 9 14 13 11 16 12 11 17 12 10 13 18 10 10 0 
1430446269.28 18 12 19 17 29 28 31 13 46 41 34 33 13 15 14 0 12 28 12 13 18 9 16 15 23 13 17 10 11 14 10 16 12 9 15 14 5 8 7 8 9 24 26 0 22 13 9 14 13 11 16 12 11 17 12 10 13 18 10 10 0 
1430446269.79 18 12 19 17 29 28 31 13 46 41 34 33 13 15 14 0 12 28 12 13 18 9 16 15 23 13 17 10 11 14 10 16 12 9 15 14 5 8 7 8 9 24 26 0 22 13 9 14 13 11 16 12 11 17 12 10 13 18 10 10 0 
1430446270.32 18 12 19 17 29 28 31 13 46 41 34 33 13 15 14 0 12 28 12 13 18 9 16 15 23 13 17 10 11 14 10 16 12 9 15 14 5 8 7 8 9 24 26 0 22 13 9 14 13 11 16 12 11 17 12 10 13 18 10 10 0 
1430446270.86 18 12 19 17 29 28 31 13 46 41 34 33 13 15 14 0 12 28 12 13 18 9 16 15 23 13 17 10 11 14 10 16 12 9 15 14 5 8 7 8 9 24 26 0 22 13 9 14 13 11 16 12 11 17 12 10 13 18 10 10 0 
1430446271.38 18 12 19 17 29 28 31 13 46 41 34 33 13 15 14 0 12 28 12 13 18 9 16 15 23 13 17 10 11 14 10 16 12 9 15 14 5 8 7 8 9 24 26 0 22 13 9 14 13 11 16 12 11 17 12 10 13 18 10 10 0 
1430446271.92 25 18 19 12 26 20 38 38 42 15 32 25 30 15 14 0 12 28 12 13 12 9 16 15 23 13 17 10 11 14 10 16 12 9 15 14 5 8 7 8 9 24 26 0 22 13 9 14 13 11 16 12 11 17 12 10 13 18 10 10 0 
1430446272.44 25 18 19 12 26 20 38 38 42 15 32 25 30 15 14 0 12 28 12 13 12 9 16 15 23 13 17 10 11 14 10 16 12 9 15 14 5 8 7 8 9 24 26 0 22 13 9 14 13 11 16 12 11 17 12 10 13 18 10 10 0 
1430446272.98 25 18 19 12 26 20 38 38 42 15 32 25 30 15 14 0 12 28 12 13 12 9 16 15 23 13 17 10 11 14 10 16 12 9 15 14 5 8 7 8 9 24 26 0 22 13 9 14 13 11 16 12 11 17 12 10 13 18 10 10 0 
1430446273.52 25 18 19 12 26 20 38 38 42 15 32 25 30 15 14 0 12 28 12 13 12 9 16 15 23 13 17 10 11 14 10 16 12 9 15 14 5 8 7 8 9 24 26 0 22 13 9 14 13 11 16 12 11 17 12 10 13 18 10 10 0 
1430446274.06 25 18 19 12 26 20 38 38 42 15 32 25 30 15 14 0 12 28 12 13 12 9 16 15 23 13 17 10 11 14 10 16 12 9 15 14 5 8 7 8 9 24 26 0 22 13 9 14 13 11 16 12 11 17 12 10 13 18 10 10 0 
1430446274.58 23 15 28 12 21 21 48 31 44 11 8 18 18 15 14 0 12 28 12 13 12 9 16 15 23 13 17 10 11 14 10 16 12 9 15 14 5 8 7 8 9 24 26 0 22 13 9 14 13 11 16 12 11 17 12 10 13 18 10 10 0 
1430446275.09 23 15 28 12 21 21 48 31 44 11 8 18 18 15 14 0 12 28 12 13 12 9 16 15 23 13 17 10 11 14 10 16 12 9 15 14 5 8 7 8 9 24 26 0 22 13 9 14 13 11 16 12 11 17 12 10 13 18 10 10 0 
1430446275.62 23 15 28 12 21 21 48 31 44 11 8 18 18 15 14 0 12 28 12 13 12 9 16 15 23 13 17 10 11 14 10 16 12 9 15 14 5 8 7 8 9 24 26 0 22 13 9 14 13 11 16 12 11 17 12 10 13 18 10 10 0 
1430446276.16 23 15 28 12 21 21 48 31 44 11 8 18 18 15 14 0 12 28 12 13 12 9 16 15 23 13 17 10 11 14 10 16 12 9 15 14 5 8 7 8 9 24 26 0 22 13 9 14 13 11 16 12 11 17 12 10 13 18 10 10 0 
1430446276.67 23 15 28 12 21 21 48 31 44 11 8 18 18 15 14 0 12 28 12 13 12 9 16 15 23 13 17 10 11 14 10 16 12 9 15 14 5 8 7 8 9 24 26 0 22 13 9 14 13 11 16 12 11 17 12 10 13 18 10 10 0 
1430446277.2 20 9 30 20 26 34 46 33 42 30 24 18 18 15 14 0 12 28 12 13 12 9 16 15 23 13 17 10 11 14 10 16 12 9 15 14 5 8 7 8 9 24 26 0 22 13 9 14 13 11 16 12 11 17 12 10 13 18 10 10 0 
1430446277.71 20 9 30 20 26 34 46 33 42 30 24 18 18 15 14 0 12 28 12 13 12 9 16 15 23 13 17 10 11 14 10 16 12 9 15 14 5 8 7 8 9 24 26 0 22 13 9 14 13 11 16 12 11 17 12 10 13 18 10 10 0 
1430446278.24 20 9 30 20 26 34 46 33 42 30 24 18 18 15 14 0 12 28 12 13 12 9 16 15 23 13 17 10 11 14 10 16 12 9 15 14 5 8 7 8 9 24 26 0 22 13 9 14 13 11 16 12 11 17 12 10 13 18 10 10 0 
1430446278.77 20 9 30 20 26 34 46 33 42 30 24 18 18 15 14 0 12 28 12 13 12 9 16 15 23 13 17 10 11 14 10 16 12 9 15 14 5 8 7 8 9 24 26 0 22 13 9 14 13 11 16 12 11 17 12 10 13 18 10 10 0 
1430446279.29 20 9 30 20 26 34 46 33 42 30 24 18 18 15 14 0 12 28 12 13 12 9 16 15 23 13 17 10 11 14 10 16 12 9 15 14 5 8 7 8 9 24 26 0 22 13 9 14 13 11 16 12 11 17 12 10 13 18 10 10 0 
1430446279.81 20 20 15 22 32 28 43 35 40 27 25 18 18 8 14 0 8 28 12 13 12 9 16 15 23 13 17 10 11 14 10 16 12 9 15 14 5 8 7 8 9 24 26 0 22 13 9 14 13 11 16 12 11 17 12 10 13 18 10 10 0 
1430446280.32 20 20 15 22 32 28 43 35 40 27 25 18 18 8 14 0 8 28 12 13 12 9 16 15 23 13 17 10 11 14 10 16 12 9 15 14 5 8 7 8 9 24 26 0 22 13 9 14 13 11 16 12 11 17 12 10 13 18 10 10 0 
1430446280.84 20 20 15 22 32 28 43 35 40 27 25 18 18 8 14 0 8 28 12 13 12 9 16 15 23 13 17 10 11 14 10 16 12 9 15 14 5 8 7 8 9 24 26 0 22 13 9 14 13 11 16 12 11 17 12 10 13 18 10 10 0 
1430446281.35 20 20 15 22 32 28 43 35 40 27 25 18 18 8 14 0 8 28 12 13 12 9 16 15 23 13 17 10 11 14 10 16 12 9 15 14 5 8 7 8 9 24 26 0 22 13 9 14 13 11 16 12 11 17 12 10 13 18 10 10 0 
1430446281.88 20 20 15 22 32 28 43 35 40 27 25 18 18 8 14 0 8 28 12 13 12 9 16 15 23 13 17 10 11 14 10 16 12 9 15 14 5 8 7 8 9 24 26 0 22 13 9 14 13 11 16 12 11 17 12 10 13 18 10 10 0 
1430446282.42 20 20 15 22 32 28 43 35 40 27 25 18 18 8 14 0 8 28 12 13 12 9 16 15 23 13 17 10 11 14 10 16 12 9 15 14 5 8 7 8 9 24 26 0 22 13 9 14 13 11 16 12 11 17 12 10 13 18 10 10 0 
1430446282.93 20 20 15 22 32 28 43 35 40 27 25 18 18 8 14 0 8 28 12 13 12 9 16 15 23 13 17 10 11 14 10 16 12 9 15 14 5 8 7 8 9 24 26 0 22 13 9 14 13 11 16 12 11 17 12 10 13 18 10 10 0 
1430446283.45 20 20 15 22 32 28 43 35 40 27 25 18 18 8 14 0 8 28 12 13 12 9 16 15 23 13 17 10 11 14 10 16 12 9 15 14 5 8 7 8 9 24 26 0 22 13 9 14 13 11 16 12 11 17 12 10 13 18 10 10 0 
1430446284.0 20 20 15 22 32 28 43 35 40 27 25 18 18 8 14 0 8 28 12 13 12 9 16 15 23 13 17 10 11 14 10 16 12 9 15 14 5 8 7 8 9 24 26 0 22 13 9 14 13 11 16 12 11 17 12 10 13 18 10 10 0 
1430446284.52 20 20 15 22 32 28 43 35 40 27 25 18 18 8 14 0 8 28 12 13 12 9 16 15 23 13 17 10 11 14 10 16 12 9 15 14 5 8 7 8 9 24 26 0 22 13 9 14 13 11 16 12 11 17 12 10 13 18 10 10 0 
1430446285.05 20 20 15 22 32 28 43 35 40 27 25 18 18 8 14 0 8 28 12 13 12 9 16 15 23 13 17 10 11 14 10 16 12 9 15 14 5 8 7 8 9 24 26 0 22 13 9 14 13 11 16 12 11 17 12 10 13 18 10 10 0 
1430446285.57 20 20 15 22 32 28 43 35 40 27 25 18 18 8 14 0 8 28 12 13 12 9 16 15 23 13 17 10 11 14 10 16 12 9 15 14 5 8 7 8 9 24 26 0 22 13 9 14 13 11 16 12 11 17 12 10 13 18 10 10 0 
1430446286.1 20 20 15 22 32 28 43 35 40 27 25 18 18 8 14 0 8 28 12 13 12 9 16 15 23 13 17 10 11 14 10 16 12 9 15 14 5 8 7 8 9 24 26 0 22 13 9 14 13 11 16 12 11 17 12 10 13 18 10 10 0 
1430446286.62 20 20 15 22 32 28 43 35 40 27 25 18 18 8 14 0 8 28 12 13 12 9 16 15 23 13 17 10 11 14 10 16 12 9 15 14 5 8 7 8 9 24 26 0 22 13 9 14 13 11 16 12 11 17 12 10 13 18 10 10 0 
1430446287.13 20 20 15 22 32 28 43 35 40 27 25 18 18 8 14 0 8 28 12 13 12 9 16 15 23 13 17 10 11 14 10 16 12 9 15 14 5 8 7 8 9 24 26 0 22 13 9 14 13 11 16 12 11 17 12 10 13 18 10 10 0 
1430446287.67 20 20 15 22 32 28 43 35 40 27 25 18 18 8 14 0 8 28 12 13 12 9 16 15 23 13 17 10 11 14 10 16 12 9 15 14 5 8 7 8 9 24 26 0 22 13 9 14 13 11 16 12 11 17 12 10 13 18 10 10 0 
1430446288.21 20 20 15 22 32 28 43 35 40 27 25 18 18 8 14 0 8 28 12 13 12 9 16 15 23 13 17 10 11 14 10 16 12 9 15 14 5 8 7 8 9 24 26 0 22 13 9 14 13 11 16 12 11 17 12 10 13 18 10 10 0 
1430446288.74 20 20 15 22 32 28 43 35 40 27 25 18 18 8 14 0 8 28 12 13 12 9 16 15 23 13 17 10 11 14 10 16 12 9 15 14 5 8 7 8 9 24 26 0 22 13 9 14 13 11 16 12 11 17 12 10 13 18 10 10 0 
1430446289.27 20 20 15 22 32 28 43 35 40 27 25 18 18 8 14 0 8 28 12 13 12 9 16 15 23 13 17 10 11 14 10 16 12 9 15 14 5 8 7 8 9 24 26 0 22 13 9 14 13 11 16 12 11 17 12 10 13 18 10 10 0 
1430446289.78 20 20 15 22 32 28 43 35 40 27 25 18 18 8 14 0 8 28 12 13 12 9 16 15 23 13 17 10 11 14 10 16 12 9 15 14 5 8 7 8 9 24 26 0 22 13 9 14 13 11 16 12 11 17 12 10 13 18 10 10 0 
1430446290.31 20 20 15 22 32 28 43 35 40 27 25 18 18 8 14 0 8 28 12 13 12 9 16 15 23 13 17 10 11 14 10 16 12 9 15 14 5 8 7 8 9 24 26 0 22 13 9 14 13 11 16 12 11 17 12 10 13 18 10 10 0 
1430446290.82 20 20 15 22 32 28 43 35 40 27 25 18 18 8 14 0 8 28 12 13 12 9 16 15 23 13 17 10 11 14 10 16 12 9 15 14 5 8 7 8 9 24 26 0 22 13 9 14 13 11 16 12 11 17 12 10 13 18 10 10 0 
1430446291.33 20 20 15 22 32 28 43 35 40 27 25 18 18 8 14 0 8 28 12 13 12 9 16 15 23 13 17 10 11 14 10 16 12 9 15 14 5 8 7 8 9 24 26 0 22 13 9 14 13 11 16 12 11 17 12 10 13 18 10 10 0 
1430446291.85 20 20 15 22 32 28 43 35 40 27 25 18 18 8 14 0 8 28 12 13 12 9 16 15 23 13 17 10 11 14 10 16 12 9 15 14 5 8 7 8 9 24 26 0 22 13 9 14 13 11 16 12 11 17 12 10 13 18 10 10 0 
1430446292.38 20 20 15 22 32 28 43 35 40 27 25 18 18 8 14 0 8 28 12 13 12 9 16 15 23 13 17 10 11 14 10 16 12 9 15 14 5 8 7 8 9 24 26 0 22 13 9 14 13 11 16 12 11 17 12 10 13 18 10 10 0 
1430446292.91 20 20 15 22 32 28 43 35 40 27 25 18 18 8 14 0 8 28 12 13 12 9 16 15 23 13 17 10 11 14 10 16 12 9 15 14 5 8 7 8 9 24 26 0 22 13 9 14 13 11 16 12 11 17 12 10 13 18 10 10 0 
1430446293.47 20 20 15 22 32 28 43 35 40 27 25 18 18 8 14 0 8 28 12 13 12 9 16 15 23 13 17 10 11 14 10 16 12 9 15 14 5 8 7 8 9 24 26 0 22 13 9 14 13 11 16 12 11 17 12 10 13 18 10 10 0 
1430446293.97 20 20 15 22 32 28 43 35 40 27 25 18 18 8 14 0 8 28 12 13 12 9 16 15 23 13 17 10 11 14 10 16 12 9 15 14 5 8 7 8 9 24 26 0 22 13 9 14 13 11 16 12 11 17 12 10 13 18 10 10 0 
1430446294.49 20 20 15 22 32 28 43 35 40 27 25 18 18 8 14 0 8 28 12 13 12 9 16 15 23 13 17 10 11 14 10 16 12 9 15 14 5 8 7 8 9 24 26 0 22 13 9 14 13 11 16 12 11 17 12 10 13 18 10 10 0 
1430446295.0 20 20 15 22 32 28 43 35 40 27 25 18 18 8 14 0 8 28 12 13 12 9 16 15 23 13 17 10 11 14 10 16 12 9 15 14 5 8 7 8 9 24 26 0 22 13 9 14 13 11 16 12 11 17 12 10 13 18 10 10 0 
1430446295.51 20 20 15 22 32 28 43 35 40 27 25 18 18 8 14 0 8 28 12 13 12 9 16 15 23 13 17 10 11 14 10 16 12 9 15 14 5 8 7 8 9 24 26 0 22 13 9 14 13 11 16 12 11 17 12 10 13 18 10 10 0 
1430446296.03 20 20 15 22 32 28 43 35 40 27 25 18 18 8 14 0 8 28 12 13 12 9 16 15 23 13 17 10 11 14 10 16 12 9 15 14 5 8 7 8 9 24 26 0 22 13 9 14 13 11 16 12 11 17 12 10 13 18 10 10 0 
1430446296.54 28 24 33 23 35 29 10 32 14 27 25 18 18 8 14 0 8 28 12 13 12 9 16 15 23 13 17 10 11 14 10 16 12 9 15 28 5 8 7 8 9 24 26 0 22 13 9 14 13 11 16 12 11 17 12 10 13 18 10 10 0 
1430446297.08 28 24 33 23 35 29 10 32 14 27 25 18 18 8 14 0 8 28 12 13 12 9 16 15 23 13 17 10 11 14 10 16 12 9 15 28 5 8 7 8 9 24 26 0 22 13 9 14 13 11 16 12 11 17 12 10 13 18 10 10 0 
1430446297.6 28 24 33 23 35 29 10 32 14 27 25 18 18 8 14 0 8 28 12 13 12 9 16 15 23 13 17 10 11 14 10 16 12 9 15 28 5 8 7 8 9 24 26 0 22 13 9 14 13 11 16 12 11 17 12 10 13 18 10 10 0 
1430446298.13 28 24 33 23 35 29 10 32 14 27 25 18 18 8 14 0 8 28 12 13 12 9 16 15 23 13 17 10 11 14 10 16 12 9 15 28 5 8 7 8 9 24 26 0 22 13 9 14 13 11 16 12 11 17 12 10 13 18 10 10 0 
1430446298.65 28 24 33 23 35 29 10 32 14 27 25 18 18 8 14 0 8 28 12 13 12 9 16 15 23 13 17 10 11 14 10 16 12 9 15 28 5 8 7 8 9 24 26 0 22 13 9 14 13 11 16 12 11 17 12 10 13 18 10 10 0 
1430446299.19 22 20 41 34 38 25 10 32 14 27 25 18 18 8 14 0 8 28 12 13 12 9 16 15 23 13 17 10 11 14 10 16 12 9 15 28 5 8 7 8 9 24 26 0 22 13 9 14 13 11 16 12 11 17 12 10 13 18 10 10 0 
1430446299.72 22 20 41 34 38 25 10 32 14 27 25 18 18 8 14 0 8 28 12 13 12 9 16 15 23 13 17 10 11 14 10 16 12 9 15 28 5 8 7 8 9 24 26 0 22 13 9 14 13 11 16 12 11 17 12 10 13 18 10 10 0 
1430446300.24 22 20 41 34 38 25 10 32 14 27 25 18 18 8 14 0 8 28 12 13 12 9 16 15 23 13 17 10 11 14 10 16 12 9 15 28 5 8 7 8 9 24 26 0 22 13 9 14 13 11 16 12 11 17 12 10 13 18 10 10 0 
1430446300.76 22 20 41 34 38 25 10 32 14 27 25 18 18 8 14 0 8 28 12 13 12 9 16 15 23 13 17 10 11 14 10 16 12 9 15 28 5 8 7 8 9 24 26 0 22 13 9 14 13 11 16 12 11 17 12 10 13 18 10 10 0 
1430446301.28 22 20 41 34 38 25 10 32 14 27 25 18 18 8 14 0 8 28 12 13 12 9 16 15 23 13 17 10 11 14 10 16 12 9 15 28 5 8 7 8 9 24 26 0 22 13 9 14 13 11 16 12 11 17 12 10 13 18 10 10 0 
1430446301.8 26 27 32 34 37 25 26 32 14 19 25 18 18 8 14 0 8 28 12 13 12 9 16 15 23 13 17 10 11 14 10 16 12 9 15 28 5 8 7 8 9 24 26 0 22 13 9 14 13 11 16 12 11 17 12 10 13 18 10 10 0 
1430446302.35 26 27 32 34 37 25 26 32 14 19 25 18 18 8 14 0 8 28 12 13 12 9 16 15 23 13 17 10 11 14 10 16 12 9 15 28 5 8 7 8 9 24 26 0 22 13 9 14 13 11 16 12 11 17 12 10 13 18 10 10 0 
1430446302.88 26 27 32 34 37 25 26 32 14 19 25 18 18 8 14 0 8 28 12 13 12 9 16 15 23 13 17 10 11 14 10 16 12 9 15 28 5 8 7 8 9 24 26 0 22 13 9 14 13 11 16 12 11 17 12 10 13 18 10 10 0 
1430446303.39 26 27 32 34 37 25 26 32 14 19 25 18 18 8 14 0 8 28 12 13 12 9 16 15 23 13 17 10 11 14 10 16 12 9 15 28 5 8 7 8 9 24 26 0 22 13 9 14 13 11 16 12 11 17 12 10 13 18 10 10 0 
1430446303.92 26 27 32 34 37 25 26 32 14 19 25 18 18 8 14 0 8 28 12 13 12 9 16 15 23 13 17 10 11 14 10 16 12 9 15 28 5 8 7 8 9 24 26 0 22 13 9 14 13 11 16 12 11 17 12 10 13 18 10 10 0 
1430446304.45 37 17 40 29 35 32 26 32 11 17 12 18 18 8 14 0 8 28 12 13 12 9 16 15 23 13 17 10 11 14 10 16 12 9 15 13 5 8 7 8 9 24 26 0 22 13 9 14 13 11 16 12 11 17 12 10 13 18 10 10 0 
1430446304.98 37 17 40 29 35 32 26 32 11 17 12 18 18 8 14 0 8 28 12 13 12 9 16 15 23 13 17 10 11 14 10 16 12 9 15 13 5 8 7 8 9 24 26 0 22 13 9 14 13 11 16 12 11 17 12 10 13 18 10 10 0 
1430446305.5 37 17 40 29 35 32 26 32 11 17 12 18 18 8 14 0 8 28 12 13 12 9 16 15 23 13 17 10 11 14 10 16 12 9 15 13 5 8 7 8 9 24 26 0 22 13 9 14 13 11 16 12 11 17 12 10 13 18 10 10 0 
1430446306.01 37 17 40 29 35 32 26 32 11 17 12 18 18 8 14 0 8 28 12 13 12 9 16 15 23 13 17 10 11 14 10 16 12 9 15 13 5 8 7 8 9 24 26 0 22 13 9 14 13 11 16 12 11 17 12 10 13 18 10 10 0 
1430446306.51 37 17 40 29 35 32 26 32 11 17 12 18 18 8 14 0 8 28 12 13 12 9 16 15 23 13 17 10 11 14 10 16 12 9 15 13 5 8 7 8 9 24 26 0 22 13 9 14 13 11 16 12 11 17 12 10 13 18 10 10 0 
1430446307.04 31 39 43 35 27 25 18 32 11 17 12 18 18 8 14 0 8 28 12 13 12 9 16 15 23 13 17 10 11 14 10 16 12 9 15 13 5 8 7 8 9 24 26 0 22 13 9 14 13 11 16 12 11 17 12 10 13 18 10 10 0 
1430446307.55 31 39 43 35 27 25 18 32 11 17 12 18 18 8 14 0 8 28 12 13 12 9 16 15 23 13 17 10 11 14 10 16 12 9 15 13 5 8 7 8 9 24 26 0 22 13 9 14 13 11 16 12 11 17 12 10 13 18 10 10 0 
1430446308.07 31 39 43 35 27 25 18 32 11 17 12 18 18 8 14 0 8 28 12 13 12 9 16 15 23 13 17 10 11 14 10 16 12 9 15 13 5 8 7 8 9 24 26 0 22 13 9 14 13 11 16 12 11 17 12 10 13 18 10 10 0 
1430446308.6 31 39 43 35 27 25 18 32 11 17 12 18 18 8 14 0 8 28 12 13 12 9 16 15 23 13 17 10 11 14 10 16 12 9 15 13 5 8 7 8 9 24 26 0 22 13 9 14 13 11 16 12 11 17 12 10 13 18 10 10 0 
1430446309.12 31 39 43 35 27 25 18 32 11 17 12 18 18 8 14 0 8 28 12 13 12 9 16 15 23 13 17 10 11 14 10 16 12 9 15 13 5 8 7 8 9 24 26 0 22 13 9 14 13 11 16 12 11 17 12 10 13 18 10 10 0 
1430446309.65 34 30 34 32 23 24 18 22 9 12 8 18 18 8 14 0 8 28 12 13 12 9 16 15 23 13 17 10 11 14 10 16 12 9 13 22 5 8 7 8 9 24 26 0 22 13 9 14 13 11 16 12 11 17 12 10 13 18 10 10 0 
1430446310.17 34 30 34 32 23 24 18 22 9 12 8 18 18 8 14 0 8 28 12 13 12 9 16 15 23 13 17 10 11 14 10 16 12 9 13 22 5 8 7 8 9 24 26 0 22 13 9 14 13 11 16 12 11 17 12 10 13 18 10 10 0 
1430446310.69 34 30 34 32 23 24 18 22 9 12 8 18 18 8 14 0 8 28 12 13 12 9 16 15 23 13 17 10 11 14 10 16 12 9 13 22 5 8 7 8 9 24 26 0 22 13 9 14 13 11 16 12 11 17 12 10 13 18 10 10 0 
1430446311.23 34 30 34 32 23 24 18 22 9 12 8 18 18 8 14 0 8 28 12 13 12 9 16 15 23 13 17 10 11 14 10 16 12 9 13 22 5 8 7 8 9 24 26 0 22 13 9 14 13 11 16 12 11 17 12 10 13 18 10 10 0 
1430446311.75 34 30 34 32 23 24 18 22 9 12 8 18 18 8 14 0 8 28 12 13 12 9 16 15 23 13 17 10 11 14 10 16 12 9 13 22 5 8 7 8 9 24 26 0 22 13 9 14 13 11 16 12 11 17 12 10 13 18 10 10 0 
1430446312.28 43 39 33 25 20 17 12 15 9 11 9 18 18 8 14 0 8 28 12 13 12 9 16 15 23 13 17 10 11 14 10 16 12 9 13 18 5 8 7 8 9 24 26 0 22 13 9 14 13 11 16 12 11 17 12 10 13 18 10 10 0 
1430446312.79 43 39 33 25 20 17 12 15 9 11 9 18 18 8 14 0 8 28 12 13 12 9 16 15 23 13 17 10 11 14 10 16 12 9 13 18 5 8 7 8 9 24 26 0 22 13 9 14 13 11 16 12 11 17 12 10 13 18 10 10 0 
1430446313.32 43 39 33 25 20 17 12 15 9 11 9 18 18 8 14 0 8 28 12 13 12 9 16 15 23 13 17 10 11 14 10 16 12 9 13 18 5 8 7 8 9 24 26 0 22 13 9 14 13 11 16 12 11 17 12 10 13 18 10 10 0 
1430446313.84 43 39 33 25 20 17 12 15 9 11 9 18 18 8 14 0 8 28 12 13 12 9 16 15 23 13 17 10 11 14 10 16 12 9 13 18 5 8 7 8 9 24 26 0 22 13 9 14 13 11 16 12 11 17 12 10 13 18 10 10 0 
1430446314.36 43 39 33 25 20 17 12 15 9 11 9 18 18 8 14 0 8 28 12 13 12 9 16 15 23 13 17 10 11 14 10 16 12 9 13 18 5 8 7 8 9 24 26 0 22 13 9 14 13 11 16 12 11 17 12 10 13 18 10 10 0 
1430446314.88 43 20 32 30 20 25 12 17 9 11 9 18 18 8 14 0 8 28 12 13 12 9 16 15 23 13 17 10 11 14 10 16 12 9 16 17 5 8 7 8 9 24 26 0 22 13 9 14 13 11 16 12 11 17 12 10 13 18 10 10 0 
1430446315.42 43 20 32 30 20 25 12 17 9 11 9 18 18 8 14 0 8 28 12 13 12 9 16 15 23 13 17 10 11 14 10 16 12 9 16 17 5 8 7 8 9 24 26 0 22 13 9 14 13 11 16 12 11 17 12 10 13 18 10 10 0 
1430446315.94 43 20 32 30 20 25 12 17 9 11 9 18 18 8 14 0 8 28 12 13 12 9 16 15 23 13 17 10 11 14 10 16 12 9 16 17 5 8 7 8 9 24 26 0 22 13 9 14 13 11 16 12 11 17 12 10 13 18 10 10 0 
1430446316.46 43 20 32 30 20 25 12 17 9 11 9 18 18 8 14 0 8 28 12 13 12 9 16 15 23 13 17 10 11 14 10 16 12 9 16 17 5 8 7 8 9 24 26 0 22 13 9 14 13 11 16 12 11 17 12 10 13 18 10 10 0 
1430446316.98 43 20 32 30 20 25 12 17 9 11 9 18 18 8 14 0 8 28 12 13 12 9 16 15 23 13 17 10 11 14 10 16 12 9 16 17 5 8 7 8 9 24 26 0 22 13 9 14 13 11 16 12 11 17 12 10 13 18 10 10 0 
1430446317.49 43 20 32 30 20 25 12 17 9 11 9 18 18 8 14 0 8 28 12 13 12 9 16 15 23 13 17 10 11 14 10 16 12 9 16 17 5 8 7 8 9 24 26 0 22 13 9 14 13 11 16 12 11 17 12 10 13 18 10 10 0 
1430446318.01 46 37 19 22 22 24 19 11 9 11 9 18 18 8 14 0 8 28 12 13 12 9 16 15 23 13 17 10 11 14 10 16 12 9 17 24 5 8 7 8 9 24 26 0 22 13 9 14 13 11 16 12 11 17 12 10 13 18 10 10 0 
1430446318.54 46 37 19 22 22 24 19 11 9 11 9 18 18 8 14 0 8 28 12 13 12 9 16 15 23 13 17 10 11 14 10 16 12 9 17 24 5 8 7 8 9 24 26 0 22 13 9 14 13 11 16 12 11 17 12 10 13 18 10 10 0 
1430446319.07 46 37 19 22 22 24 19 11 9 11 9 18 18 8 14 0 8 28 12 13 12 9 16 15 23 13 17 10 11 14 10 16 12 9 17 24 5 8 7 8 9 24 26 0 22 13 9 14 13 11 16 12 11 17 12 10 13 18 10 10 0 
1430446319.58 46 37 19 22 22 24 19 11 9 11 9 18 18 8 14 0 8 28 12 13 12 9 16 15 23 13 17 10 11 14 10 16 12 9 17 24 5 8 7 8 9 24 26 0 22 13 9 14 13 11 16 12 11 17 12 10 13 18 10 10 0 
1430446320.13 46 37 19 22 22 24 19 11 9 11 9 18 18 8 14 0 8 28 12 13 12 9 16 15 23 13 17 10 11 14 10 16 12 9 17 24 5 8 7 8 9 24 26 0 22 13 9 14 13 11 16 12 11 17 12 10 13 18 10 10 0 
1430446320.64 46 37 19 22 22 24 19 11 9 11 9 18 18 8 14 0 8 28 12 13 12 9 16 15 23 13 17 10 11 14 10 16 12 9 17 24 5 8 7 8 9 24 26 0 22 13 9 14 13 11 16 12 11 17 12 10 13 18 10 10 0 
1430446321.16 37 38 22 23 22 11 19 11 9 11 9 18 18 8 14 0 8 28 12 13 12 9 16 15 23 13 17 10 11 14 10 16 12 9 25 22 5 8 7 8 9 24 26 0 22 13 9 14 13 11 16 12 11 17 12 10 13 18 10 10 0 
1430446321.68 