5.497599476135015806e+01
5.497599476135015806e+01
5.497599476135015806e+01
5.497599476135015806e+01
5.497599476135015806e+01
5.497599476135015806e+01
5.117577551928255986e+01
4.790949801448560663e+01
4.529282503885135469e+01
4.344329637585067161e+01
4.246127647633782232e+01
4.204997027347344130e+01
4.229704481402926319e+01
4.319120280797930178e+01
4.469362370629617942e+01
4.674569498895058217e+01
4.393313100610972555e+01
4.138840417314975184e+01
3.916375875730009426e+01
3.731648429313779758e+01
3.590487432090522901e+01
3.576590555263489790e+01
3.568809325251209685e+01
3.567183763138646668e+01
3.571722273637746525e+01
3.582401429209183163e+01
3.630426972134269903e+01
3.680869462504749379e+01
3.733630940518893482e+01
3.788614522487079483e+01
3.845724899157504240e+01
3.897281103538721680e+01
3.956867447868325627e+01
4.024127234569006362e+01
4.098682715214730621e+01
4.180143538205356890e+01
3.893224884334322411e+01
3.691287038418984423e+01
3.588704501627292842e+01
4.081470323302620073e+01
4.208325082500162750e+01
3.493937606769759441e+01
2.896273467751275277e+01
2.487810282155775710e+01
2.408235868846737660e+01
2.651414716712570296e+01
2.517935662402834041e+01
2.431049156228643682e+01
2.201090638751616879e+01
2.228811342397557382e+01
2.183025423580769697e+01
1.931320791582796303e+01
1.911020669694600471e+01
2.128755504984074065e+01
2.405992518691610371e+01
2.849350803253260622e+01
2.511573212152096346e+01
2.174120511839212710e+01
2.062037827005120505e+01
2.142615224439516552e+01
2.149418526020467723e+01
1.888809148643663249e+01
1.968349562450734069e+01
2.353805429511963254e+01
2.926704631492559727e+01
3.598610843089316091e+01
3.063331519767326583e+01
2.826658805020514009e+01
2.961080883731479929e+01
3.423156438143018931e+01
3.576199099602817455e+01
3.080259729308553318e+01
2.799785706085378578e+01
2.800285699709942477e+01
3.081622949031889647e+01
2.713079431199905400e+01
2.037351221561957715e+01
1.651423628267441757e+01
2.166287146248160767e+01
2.067075228432675971e+01
2.111681794210481655e+01
1.750314257497778314e+01
1.750885490259143040e+01
2.068622730224145911e+01
2.511573212152096701e+01
3.183331588132156753e+01
3.397410778813772225e+01
3.796735439821953406e+01
3.960404019793939767e+01
4.363943171032363466e+01
4.917601041158178532e+01
4.494707999414423227e+01
4.159423036912691884e+01
3.698486176802611425e+01
3.433482197419989035e+01
3.410395871449529892e+01
2.989046670763104530e+01
2.784025861948843072e+01
2.700666584382455326e+01
2.883955616856819759e+01
3.289620038849471939e+01
3.520340892584125925e+01
3.358332919768378133e+01
3.388864116485049749e+01
3.527265229607776575e+01
3.761648574760805275e+01
3.384139477031051513e+01
3.129153240095473620e+01
3.027804485101374254e+01
3.152522799283139676e+01
3.321144381083122710e+01
2.531244753080981624e+01
2.127533783515552201e+01
1.959489729495921750e+01
1.917394064870338966e+01
2.151743479135001280e+01
1.744476998988521999e+01
1.542335890783846608e+01
1.623822650414755131e+01
1.953765594947356732e+01
2.433105012119287736e+01
2.337006632425334018e+01
1.990678276367128063e+01
1.723832938541319493e+01
1.973727438123106026e+01
2.308072789146824277e+01
2.387969849055888005e+01
2.381260170581954938e+01
2.786036611389017281e+01
3.396763165132358608e+01
3.876905982868296974e+01
3.747105549620933829e+01
3.034007251144927864e+01
2.403164580298236785e+01
1.936698221200195036e+01
1.769745744450315073e+01
1.722440129583609192e+01
1.456021977856103433e+01
1.421689136203832859e+01
1.634135857265239977e+01
2.016829194552677151e+01
2.130539837693723726e+01
2.177521526874074098e+01
2.382603617893668613e+01
2.710129148214157979e+01
3.121794355815257660e+01
2.730933906193996563e+01
2.467954618707564052e+01
2.130164312911095692e+01
1.929870461974068263e+01
1.910811345999390198e+01
1.923434428307864152e+01
2.008780724718355515e+01
2.475237362355375836e+01
2.949983050798766371e+01
3.253367486159532973e+01
3.070439707924583317e+01
3.027672373292725183e+01
3.130814590485996973e+01
2.699110964743761798e+01
2.484109498391727300e+01
2.299304242591658465e+01
2.276049208606879048e+01
2.084514331924825115e+01
2.072968885439431475e+01
2.259114870917369089e+01
2.199454477819443809e+01
2.067365473253338948e+01
1.990979658359171367e+01
1.986655480952849118e+01
2.026030601940651366e+01
2.211424880026449813e+01
2.347594513539337413e+01
2.028891322865766256e+01
1.888703258852485689e+01
1.965604232799675088e+01
2.073837023490515108e+01
2.091506633984219476e+01
2.077979788159644414e+01
2.297476876923900946e+01
2.814249455894057661e+01
2.551705312139315041e+01
2.444176753019306503e+01
2.502958249751680952e+01
2.717278049813820573e+01
3.238826948140329165e+01
2.980536864392051655e+01
2.767020057751659934e+01
2.609291091465266277e+01
2.546448507235125902e+01
2.209162737328330550e+01
2.052218311973655673e+01
2.109123040507595093e+01
2.364487259428563704e+01
2.418346542578213842e+01
2.638181191654583557e+01
2.422890835345249272e+01
2.336150680071813923e+01
2.322843085531177465e+01
2.038430768998545517e+01
2.461950446292532391e+01
2.407155998268495978e+01
2.573790978304182531e+01
2.711825953117198651e+01
2.986971710612606756e+01
3.934158105618023882e+01
3.745130171302459843e+01
3.761116855403458459e+01
3.229365262710305018e+01
3.062352037241962677e+01
2.510776772236034660e+01
2.642120360619477637e+01
2.733495930123181950e+01
2.208710030764563825e+01
2.203451837458672458e+01
2.388639780293378578e+01
2.220630541085121834e+01
2.118112367179796252e+01
2.161480973777007364e+01
2.517141235608363914e+01
2.729688626931650930e+01
2.845417368331051122e+01
2.763620813353379901e+01
2.400583262459354472e+01
2.142335174523351071e+01
2.029285588575447363e+01
1.965400722499104091e+01
1.831720502696850161e+01
1.912171540422040650e+01
2.183208647839229855e+01
2.585575371169828784e+01
2.405743128432460054e+01
2.566086514519727046e+01
2.839929576591644889e+01
3.365352878971238226e+01
3.947606869990982403e+01
3.376388603226826746e+01
2.971464285499659042e+01
2.473297394168360341e+01
2.178256183280561586e+01
2.170806301815065353e+01
2.114332045824401973e+01
1.729392957080604987e+01
1.541946821391710820e+01
1.780786343164165331e+01
1.999899997499874971e+01
1.736433125691858947e+01
1.793655485314835829e+01
1.801887898843876101e+01
1.909031167896427306e+01
2.201363214010808989e+01
1.727078457974622694e+01
1.403566884761820255e+01
1.309198227924251334e+01
1.237901450035502471e+01
1.319545376256535008e+01
1.189621788637044020e+01
1.176265276202608767e+01
1.976056679349051137e+01
2.088731672570701647e+01
2.387969849055888005e+01
2.241428116179504215e+01
2.237498603351519222e+01
2.275434024532462729e+01
2.636967955815921272e+01
2.785677655436823841e+01
2.305905462069076250e+01
2.260265471133867266e+01
2.671104640406286990e+01
3.375677709734743104e+01
4.229657196511320194e+01
3.483331738436636016e+01
2.814320521902222438e+01
2.291375132971465334e+01
2.030664915735730602e+01
2.140280355467479367e+01
2.022869249358445387e+01
2.105801510114379127e+01
2.119056393775305125e+01
2.514040572464971390e+01
3.039342034059345465e+01
3.522328775114555555e+01
3.245427552727066711e+01
3.122114667977459135e+01
3.170362755269497157e+01
3.382839044353130475e+01
3.267782122480016227e+01
3.167648970451114110e+01
3.234316001877367341e+01
3.458149794326440229e+01
3.811561359862911047e+01
3.902768248307859267e+01
3.646642291204334896e+01
3.583462013193386753e+01
3.723063254901801855e+01
4.044502441586603680e+01
3.773963433845113258e+01
3.450681092190351507e+01
3.312038647117511658e+01
3.295815528818323514e+01
3.486144001615538457e+01
3.338862081608044008e+01
3.452303578771716275e+01
3.523180381416767659e+01
3.755795521590598440e+01
4.138550470877454757e+01
3.837134347400413503e+01
3.459017201460553537e+01
3.506622306436779724e+01
3.246166970443756838e+01
2.943195542263544695e+01
2.669531794154173099e+01
2.541889061308537734e+01
2.599461482692136727e+01
2.871724220742653699e+01
3.306055050963308162e+01
3.172317764663559103e+01
3.125443968462720434e+01
3.039539438796608195e+01
3.300242415338606605e+01
3.508560958569766797e+01
3.162087917816328186e+01
3.127299154222378164e+01
2.933666647729425492e+01
2.869564426877361640e+01
2.943467343117637114e+01
2.726609616355080590e+01
2.544405628039680067e+01
2.479516081819192408e+01
2.540944706206729364e+01
2.720147054848321844e+01
2.415036231612271322e+01
2.054458566143400944e+01
1.905465822312223878e+01
2.015539629975059555e+01
2.348531456038007192e+01
2.651867266663247236e+01
2.478628653106390800e+01
2.426932219902319332e+01
2.504316273955828009e+01
2.699703687444235101e+01
2.590752786353804282e+01
2.348446294893711084e+01
2.197817098850584472e+01
2.144294755857972135e+01
2.238302928559939176e+01
2.091315375547169708e+01
2.018018830437416966e+01
2.127251748148301047e+01
2.115561391215107889e+01
2.157591249518777587e+01
2.109976303184469160e+01
2.314303350902815026e+01
2.714258646481576775e+01
2.945776637832543443e+01
3.308897097221368000e+01
3.037498971193241104e+01
2.626023609947176141e+01
2.574800963181426638e+01
2.669531794154173454e+01
2.969848480983499428e+01
2.642952894018355536e+01
2.431624971084151454e+01
2.367023447285641069e+01
2.460731598529185504e+01
2.696293752542552724e+01
2.455035641289144621e+01
2.388890956071456984e+01
2.279122638209712193e+01
2.444994887520217119e+01
2.772002886001383715e+01
2.986502971704532072e+01
2.656237941149098347e+01
2.497518768698245140e+01
2.542675755970469353e+01
3.018277654557314094e+01
2.713669102893718588e+01
2.519920633670830767e+01
2.463331078032345900e+01
2.553037406698147294e+01
2.774887385102321602e+01
2.390983061420552858e+01
2.192532781967010536e+01
2.229618801499485059e+01
2.491746375536643399e+01
2.918903903865284732e+01
2.500799872040943583e+01
2.332380757938119942e+01
2.465360014277833756e+01
3.111591232793922046e+01
3.421987726453734524e+01
2.694290259047825842e+01
2.300521679967394206e+01
1.805768534447313911e+01
1.630460057775105298e+01
1.533623161014465097e+01
1.397139935725838278e+01
1.538830724933707117e+01
1.897366596101027625e+01
2.376552124402071087e+01
2.668182902276379309e+01
2.451203785897859788e+01
2.244816250832125704e+01
2.072293415518178961e+01
1.877658115845374098e+01
1.777638883463117736e+01
1.791200714604591937e+01
1.924993506482554295e+01
2.156756824493665547e+01
2.458942862288589026e+01
2.808914381037627805e+01
2.603689689651975314e+01
2.421321952983535297e+01
2.267333235322941931e+01
2.147836120377902702e+01
2.068816086557720269e+01
1.886266153012347502e+01
1.741263908774313052e+01
1.643776140476555270e+01
1.602498049920810530e+01
1.621727474022685556e+01
1.297381979218148373e+01
9.937806599043874201e+00
8.049844718999242588e+00
8.151073548925934276e+00
1.018233764908628025e+01
1.301537552281915389e+01
1.462873883832779143e+01
1.719883716999495249e+01
2.036663938896154846e+01
2.389560629069704234e+01
2.179724753265879755e+01
2.008681159368006774e+01
2.008681159368006774e+01
1.887008214078571200e+01
1.824609547273059462e+01
1.827566688249706672e+01
1.800111107681967226e+01
1.879787222001468905e+01
2.054166497633529076e+01
2.054166497633529076e+01
2.601922366251537611e+01
2.362456348803084083e+01
2.185131574985817338e+01
2.185131574985817338e+01
1.959693853641430650e+01
1.851809925451313887e+01
1.881807641604210346e+01
1.809751364138179142e+01
1.921770017457864554e+01
1.839782595852020819e+01
2.228272873774663765e+01
2.571769818626853521e+01
2.715879231482873024e+01
2.970050504621091747e+01
2.857551399362748157e+01
2.971262357988603853e+01
3.054308432362389780e+01
2.862306762036522301e+01
2.766514052015640956e+01
2.607220742476555131e+01
2.601076700137848974e+01
2.749108946549772270e+01
2.663906905280287774e+01
2.750854412723436226e+01
2.576198750096738976e+01
2.765357119794837715e+01
3.052343362074457289e+01
3.073629776014020720e+01
3.096320396858180146e+01
2.970319848097171089e+01
2.964051281607658339e+01
3.078246253956950440e+01
3.070114004397882113e+01
3.422046171517853708e+01
3.535590474022691154e+01
3.475571895386426746e+01
3.721505071876162418e+01
4.059113203644363210e+01
4.467661580737735250e+01
4.379543355191269427e+01
4.398363331967926371e+01
4.522786751550420092e+01
4.744512619858861058e+01
5.050742519669756092e+01
4.628044943601996408e+01
4.338801677882961627e+01
4.136423575989287116e+01
4.258027712450918045e+01
4.475488800120049149e+01
4.200190471871484732e+01
4.020497481655721828e+01
3.949480978559081734e+01
3.992943776213233775e+01
4.147288270665544019e+01
3.859430009729415900e+01
3.679782602274215719e+01
3.624472375394797297e+01
3.699080966943004967e+01
3.958029812924607427e+01
3.916784395393752050e+01
3.730790800889269576e+01
3.781110947856462445e+01
3.841510119731561446e+01
3.813082742349030241e+01
3.398293689485945634e+01
3.072783754187723915e+01
2.867123994528314768e+01
2.671478991120836000e+01
2.652922916332097358e+01
2.741167634421507415e+01
2.987908967823484119e+01
3.358392472597567036e+01
3.520568135968966317e+01
3.790989316787901231e+01
3.719247235664765583e+01
3.722633476451852630e+01
3.800947250357468477e+01
3.687546609874917891e+01
3.645161176134740089e+01
3.428410710518797089e+01
3.231222678801323411e+01
3.141018942954658399e+01
3.003331483536241464e+01
2.820992733064018410e+01
2.669157170344227126e+01
2.606069837897672414e+01
2.638105380760972807e+01
2.761955828756137166e+01
2.735690040922033717e+01
2.384114091229696086e+01
2.213594362117865444e+01
2.265391798343059193e+01
2.525866188063017859e+01
2.524282076155515497e+01
2.133447913589642653e+01
1.875953091097962400e+01
1.809640848345328124e+01
1.954072670091877839e+01
1.871897433087614360e+01
1.758635834958448640e+01
1.744476998988522354e+01
2.024648117575002360e+01
2.007187086447100910e+01
2.073740581654320891e+01
2.348361130661125173e+01
2.607987730032485985e+01
2.968838156585838206e+01
2.818439284426754909e+01
2.843307932672787430e+01
2.877220881336710789e+01
3.042301760180932391e+01
3.041973043930534004e+01
3.340359262115378414e+01
3.151697955071202983e+01
2.703849108215915109e+01
2.367107940082158279e+01
2.291986038351891608e+01
2.412053067409587470e+01
2.457315608545227192e+01
2.441638793925096707e+01
2.627850832905094691e+01
2.978321675037805605e+01
3.092313050129303775e+01
3.588871688985272357e+01
3.389572244398988943e+01
3.367847977566683682e+01
3.406523154185217095e+01
3.617512957820607511e+01
3.887055440818924268e+01
3.648945053025600060e+01
3.459537541348554157e+01
3.327160951922824950e+01
3.258772775140973010e+01
3.142610379923034714e+01
2.960675598575433298e+01
2.915475947422650549e+01
2.865588944702292551e+01
3.240864082308914362e+01
3.354101966249684352e+01
2.896066297583672622e+01
2.601307363615457291e+01
2.527607564476732449e+01
2.693176563094221621e+01
3.059411708155671050e+01
2.742918154083347915e+01
2.520000000000000284e+01
2.416691953890689604e+01
2.448182999695896811e+01
2.524123610285360186e+01
2.463574638609514267e+01
2.173292433152980152e+01
2.027905323233803969e+01
2.058348852842976484e+01
2.257520764024109639e+01
2.736055554991528282e+01
2.620915870454448537e+01
2.617403293342468729e+01
2.725949375905576488e+01
2.936119888560411084e+01
2.709833943251873833e+01
2.683877791554600734e+01
2.570525238156591996e+01
2.616256868122853874e+01
2.813325434428089622e+01
2.786682615584343736e+01
2.961553646314717270e+01
2.915475947422649838e+01
3.047818892257214785e+01
3.277071863722246547e+01
2.896963927977012077e+01
2.611359799031913909e+01
2.453487314008368969e+01
2.389393228415950787e+01
2.705328076222919620e+01
2.744813290553657836e+01
2.882013185257832788e+01
3.103997422679342222e+01
2.707692744755209802e+01
2.316376480626584211e+01
2.271475291523110585e+01
2.469169900999118994e+01
2.460325181759516866e+01
2.561796244825103486e+01
2.808843178249722072e+01
2.707545013476230267e+01
2.430226326908668710e+01
2.557264163124333933e+01
2.526420392571275286e+01
3.263433774416144217e+01
2.715584651598989296e+01
2.368881592650844681e+01
2.315512902145008667e+01
3.022118462271127015e+01
2.643785165250762148e+01
1.971902634513174846e+01
1.796886195617296522e+01
1.864296113818831913e+01
1.886478200245101888e+01
2.204087112616014466e+01
2.227824050503090803e+01
2.032633759436263787e+01
2.210067872260940547e+01
2.223870499826822211e+01
2.299043279279447916e+01
2.085569466596593102e+01
2.224499943807596125e+01
3.129920126776400835e+01
3.362082687858821828e+01
4.094484094486141856e+01
3.555052742224790308e+01
3.146680790928752813e+01
2.974827726104488335e+01
3.079350580885521538e+01
3.435112807463533358e+01
2.914103635768638867e+01
2.681044572550034744e+01
2.484028985338133921e+01
2.570758642891238210e+01
2.916024691253488044e+01
2.858601056461009904e+01
3.036445290137794828e+01
2.739123947542352511e+01
2.681939596635240974e+01
2.879236009777594063e+01
3.064963295049387781e+01
3.389690251335658644e+01
2.886658968426994321e+01
2.508625121455973073e+01
2.317584949899354996e+01
2.359406705084987976e+01
2.622975409720800144e+01
2.203905624113700767e+01
2.052510657706800146e+01
2.224140283345455060e+01
2.656915504866498878e+01
3.248076353782342807e+01
2.864541848184452277e+01
2.772075035059476988e+01
3.204559252065718766e+01
3.800421029307147336e+01
3.980452235613435619e+01
3.478390432369546659e+01
2.961215966457022830e+01
2.691170748949237534e+01
2.645600120955545975e+01
2.863843571146999878e+01
2.719264606469918277e+01
2.652093512680124832e+01
2.734520067580415770e+01
2.954048070021881145e+01
3.085125605222581413e+01
2.762173057576226043e+01
2.535744466621192927e+01
2.605071975973024578e+01
3.258650027235204760e+01
3.635931792539568619e+01
3.101290054154883080e+01
2.806421208585768312e+01
2.827366265626015718e+01
3.157847368065784011e+01
3.716180835212409050e+01
3.471195759388974977e+01
3.402175774412602749e+01
3.519488599214380287e+01
3.805942721586860955e+01
3.807098632817384498e+01
3.717364657926365368e+01
3.373010524738990767e+01
3.247337370831678527e+01
3.312823569102344834e+01
3.492907098678692535e+01
3.496283741345945373e+01
3.079870127131987090e+01
2.840844944730352850e+01
2.824606167238186671e+01
3.034732278142505635e+01
3.032160945596391244e+01
2.446957294273849470e+01
2.446793820492441895e+01
2.942312016085310233e+01
3.686461718233352514e+01
2.964523570491555660e+01
2.537636695825468180e+01
2.558046129372962696e+01
3.016686924425535565e+01
3.756327994198589693e+01
3.335326071016145733e+01
2.874091160697586389e+01
2.744157429886265831e+01
2.874647804514493998e+01
3.054897706961724069e+01
2.820567318820807756e+01
2.399166521940484387e+01
2.120848886648928655e+01
1.965909458749309380e+01
2.192441561364863389e+01
1.880106379968963282e+01
1.962549362436522316e+01
2.357541091900626640e+01
2.973550066839299433e+01
3.701837381625507817e+01
3.458265461181370881e+01
2.837816061692512548e+01
2.340512764331781881e+01
2.057668583615933144e+01
2.078749624173146771e+01
1.918958050609757748e+01
1.835755975068581947e+01
2.348105619430267765e+01
2.804353757998444152e+01
3.352610922848042208e+01
3.000133330370502094e+01
2.971464285499659397e+01
2.867612247149185123e+01
3.510099713683359113e+01
2.979932885150267907e+01
2.590907177032786279e+01
2.615339366124403853e+01
3.043287695897317136e+01
3.738662862575334600e+01
3.310649483107506796e+01
2.853489092321889231e+01
2.780863175346820526e+01
3.119743579206470230e+01
3.760478692932589695e+01
3.920714220649090009e+01
3.791305843637519501e+01
3.778571158520109208e+01
3.883658069397974089e+01
4.097511439886410045e+01
4.352011029397788633e+01
3.966156829980377552e+01
3.774758270406199046e+01
3.654148327586059253e+01
3.651410686296461705e+01
3.802630668366308697e+01
3.627120069697168958e+01
3.580502757993631491e+01
3.762764940838053462e+01
3.949683531626299526e+01
4.004147849418151139e+01
3.115060192034818343e+01
2.444504039677578788e+01
2.202089916420308313e+01
2.514835978746924638e+01
2.620076334765840542e+01
2.346316261717502982e+01
2.278420505525702922e+01
2.433680340554198906e+01
2.774887385102321247e+01
2.815315257657657000e+01
2.742043033943851427e+01
2.764561448041985869e+01
2.880624932197872567e+01
3.079675307560847486e+01
2.860559385854451975e+01
2.787615468460454338e+01
2.873673607075097536e+01
3.105543430705808561e+01
3.286761323856661932e+01
3.616130528617571827e+01
3.358094697890457070e+01
3.517214807201857241e+01
3.319759027399428675e+01
2.959932431661236762e+01
3.021522794883400920e+01
2.787830697872451680e+01
2.653902786463739361e+01
2.291898776124286030e+01
2.081922188747697078e+01
2.070748656887165495e+01
2.006389792637512315e+01
2.144761058952721555e+01
2.099428493662025019e+01
2.248555091608831447e+01
2.439508147147699191e+01
2.249888886145269140e+01
2.320172407387003233e+01
2.629600730148970555e+01
2.371581750646601350e+01
2.284469303799024331e+01
2.079903843931252538e+01
2.200272710370239793e+01
2.600846016203189492e+01
2.616639065671840569e+01
2.849210416940103485e+01
2.573169252109157412e+01
2.443849422529956072e+01
2.249177627489656217e+01
2.350914715594761972e+01
2.377982338033653420e+01
2.198635940759633556e+01
2.376972864800941920e+01
2.580310058888272451e+01
2.562576828116574035e+01
2.701481075262235265e+01
2.407488317728666161e+01
2.344440231697110377e+01
2.529664009310327444e+01
2.372677812093331795e+01
2.456582992695341616e+01
2.331008365493354617e+01
2.296606191753387805e+01
2.226656686604381008e+01
2.414870596947174164e+01
2.593915958546074307e+01
2.225938004527529657e+01
2.135883891975404225e+01
2.355843797877949441e+01
2.220090088262186256e+01
2.387886094435829776e+01
2.263271967749347269e+01
2.258760722166029211e+01
2.375036841819511579e+01
2.056599134493643177e+01
2.048023437365891297e+01
1.669970059611848612e+01
1.511290838985005180e+01
1.444714504668655941e+01
1.547901805671147990e+01
1.592105524140909623e+01
1.720116275139562134e+01
1.967028215354319798e+01
2.294776677587604041e+01
2.673798795721174315e+01
2.952964612046680060e+01
2.689535275842277784e+01
2.667733120085289755e+01
2.729981684920248952e+01
2.985565273109935092e+01
3.224903099319419653e+01
2.408401959806543857e+01
2.173660507070964343e+01
1.910183237283795066e+01
1.963160716803390216e+01
2.309285603817769328e+01
2.005592181875468327e+01
1.645113977814303396e+01
1.520000000000000107e+01
1.770423678106458354e+01
1.832921165789734985e+01
1.850729585866070792e+01
1.951307254124782276e+01
2.122922513894465979e+01
2.350063828920397313e+01
2.087582333705667637e+01
1.927900412365742966e+01
2.053971762220698238e+01
2.421569738826449836e+01
2.941496217913597633e+01
3.064310689208912564e+01
2.551470164434614674e+01
2.224859546128698540e+01
2.170253441421070306e+01
2.406241883103193402e+01
2.861817604250837022e+01
2.594147258734554029e+01
2.417519389787804585e+01
2.352530552405217534e+01
2.408235868846736594e+01
2.300347799790283787e+01
2.328862383224908328e+01
1.915306763941484647e+01
1.653481176185565715e+01
1.618764961320821172e+01
1.824171044611771109e+01
1.945764631192580651e+01
1.824499931488077920e+01
2.134385157369681707e+01
2.732471408816568115e+01
3.472923840224544989e+01
3.399411713811670666e+01
2.471436829053091344e+01
1.913948797643239175e+01
2.054653255418051927e+01
2.789838705015040787e+01
2.665408036305135653e+01
3.147125672736950008e+01
2.698592225587259463e+01
2.362794955132586239e+01
2.192167876783162939e+01
1.756245996436717860e+01
1.700117642988272593e+01
1.748942537649536533e+01
1.860537556729237352e+01
2.189155088156158513e+01
1.900841918729697966e+01
1.787176544161208014e+01
1.880106379968963637e+01
2.031649576083435704e+01
2.448264691572380158e+01
2.491425294886442998e+01
2.822552036721377888e+01
3.357499069247823087e+01
3.487405912709331091e+01
3.771790025969102800e+01
3.346640106136302251e+01
3.231470253615217558e+01
3.340299387779484874e+01
3.442673379802388212e+01
3.642197139090633584e+01
4.015569698062778770e+01
4.211650507817570599e+01
4.109939172299269217e+01
4.066448081557171434e+01
4.128389516506406665e+01
4.121747202340288396e+01
4.007892214119536334e+01
4.068660713306037735e+01
3.855230213618896329e+01
3.848999870096126585e+01
3.348133808556641355e+01
2.918972421932074468e+01
2.517379589970491693e+01
2.372256309929430884e+01
2.461950446292532391e+01
2.518968042671442475e+01
2.549588202043616292e+01
2.663156022466576900e+01
2.849771920698216121e+01
3.284813541131368453e+01
2.968299176296081754e+01
2.808771973656814680e+01
2.832878394848603421e+01
3.036247684231311084e+01
3.386738844375219770e+01
2.886936092122581243e+01
2.536059936200247122e+01
2.400333310188399949e+01
2.514835978746923928e+01
2.785893034558218417e+01
2.676714403891457295e+01
2.447611080216789148e+01
2.507349197858167855e+01
3.096578757273904969e+01
3.487119154832539181e+01
3.353267063626158517e+01
3.279268211049532766e+01
3.269189502001987080e+01
3.323612492454557810e+01
3.439476704383967842e+01
2.915132930073687234e+01
2.726976347532189493e+01
2.022374841615668473e+01
1.736087555395752702e+01
1.640121946685672683e+01
1.404848746306875640e+01
1.356613430568929601e+01
1.513406752991409476e+01
1.823074326515515509e+01
2.222611077089286979e+01
1.883932058222907457e+01
1.637314875031678341e+01
1.528005235593124844e+01
1.584676623163224285e+01
1.589339485446705780e+01
1.669490940376736177e+01
1.698234377228301994e+01
1.801776900728832942e+01
1.968349562450735490e+01
2.183575050232988701e+01
2.079999999999999716e+01
2.254151725150727259e+01
2.409232242852481676e+01
2.878680253171581427e+01
3.463812927974026223e+01
3.583238758441865457e+01
3.767811035601440750e+01
3.596164623595532817e+01
3.455951388547008918e+01
3.351119216023207770e+01
3.168280290630865181e+01
3.015625971502434055e+01
2.897930295918105514e+01
2.819574435974336879e+01
2.783882181415010848e+01
2.699629604223512658e+01
2.642347441196936941e+01
2.613809480432726673e+01
2.614956978613606253e+01
2.645751311064590539e+01
2.116601048851672573e+01
1.587450786638754430e+01
1.058300524425836286e+01
5.291502622129181432e+00
0.000000000000000000e+00
0.000000000000000000e+00
0.000000000000000000e+00
0.000000000000000000e+00
0.000000000000000000e+00
0.000000000000000000e+00
0.000000000000000000e+00
0.000000000000000000e+00
0.000000000000000000e+00
0.000000000000000000e+00
0.000000000000000000e+00
0.000000000000000000e+00
0.000000000000000000e+00
0.000000000000000000e+00
0.000000000000000000e+00
0.000000000000000000e+00
0.000000000000000000e+00
0.000000000000000000e+00
4.882622246293480295e+00
9.765244492586958813e+00
1.464786673888044177e+01
1.953048898517392118e+01
2.441311123146740414e+01
2.025438224187546155e+01
1.709268849537720314e+01
1.709268849537720314e+01
1.554863338046145138e+01
1.609471963098456726e+01
1.854723699099140788e+01
1.854723699099140788e+01
1.854723699099140788e+01
1.854723699099140788e+01
1.854723699099140788e+01
1.854723699099140788e+01
1.762271261752854912e+01
1.924162155328911084e+01
1.924162155328911084e+01
2.773012801989922238e+01
3.328663395418647752e+01
3.328663395418647752e+01
3.301333064081841684e+01
3.309864045546282085e+01
3.353982707170685273e+01
3.432317001676855739e+01
3.542597916783670087e+01
3.321505682668630044e+01
3.160949224521014500e+01
3.070439707924583317e+01
3.056206799285676468e+01
3.119294792096444269e+01
2.990718977102329035e+01
2.972473717293392426e+01
3.066528982416438964e+01
3.263188624643080260e+01
3.545419580247167346e+01
3.545419580247167346e+01
3.545419580247167346e+01
3.545419580247167346e+01
3.545419580247167346e+01
2.964388638488549788e+01
2.436472860509634231e+01
2.004095806093111420e+01
1.740000000000000213e+01
1.723368793961408585e+01
1.378695035169126548e+01
9.408506789071259035e+00
7.807688518377251974e+00
1.036339712642528887e+01
1.509436981129056399e+01
1.886796226411320632e+01
1.785385112517744588e+01
1.754536975956904143e+01
1.797887649437527813e+01
1.910392629801528486e+01
2.080865204668481283e+01
2.048316381812145792e+01
2.239732126840172199e+01
2.606223321206377364e+01
3.086033052318137493e+01
3.634556369077249371e+01
3.305631558416636295e+01
2.924517054147573702e+01
2.924517054147573702e+01
3.016620625799671274e+01
3.016620625799671274e+01
2.647413832403237777e+01
2.424706167765488374e+01
2.550450940520126863e+01
2.874021572639982836e+01
2.874021572639982836e+01
2.621755137307830097e+01
2.436883255307894203e+01
2.335465692319199960e+01
2.328432949431870469e+01
2.416609194718914466e+01
2.159351754578211313e+01
1.970583669880576494e+01
1.871149379392249301e+01
1.875313307156967113e+01
1.982422760159900932e+01
1.531665759883663114e+01
1.380579588433785432e+01
1.615549442140351033e+01
2.111397641374073686e+01
2.729468812791236232e+01
2.213142562059661245e+01
1.994392137970865875e+01
1.960612149304395402e+01
2.287006777427649240e+01
3.144837038703277443e+01
2.618549216646499644e+01
2.283243307227680674e+01
2.226926132587248830e+01
2.645146498778469990e+01
2.886312526390723221e+01
2.565229034608800873e+01
2.238124214604721729e+01
2.055626425204735597e+01
1.907354188398159422e+01
1.800777609811938973e+01
2.032240143290157164e+01
2.418181134654722086e+01
2.939727878562911911e+01
2.876873302736844451e+01
2.862236887471056690e+01
2.701777192886194001e+01
2.688717166233741551e+01
2.825101768078452835e+01
2.849140221189543709e+01
2.934007498286260684e+01
2.759202783414079008e+01
2.709760136986298207e+01
2.719705866449532294e+01
2.890813034424744998e+01
3.032424772356273834e+01
2.958783533819261180e+01
2.963038980506330944e+01
3.073369486410639695e+01
3.279085238294363336e+01
3.563705936241092331e+01
3.441918069913925393e+01
3.206555784638714357e+01
3.070960761716111520e+01
3.048475028600365633e+01
3.141528290498113662e+01
2.723380252553800318e+01
2.281929008536418380e+01
1.939278216244384367e+01
1.844125809157281992e+01
2.031551131524875231e+01
1.755676507788379581e+01
1.795772814138804208e+01
1.954072670091877484e+01
1.902419512095058352e+01
1.976866206904250944e+01
1.970279168036854855e+01
2.063201395889407763e+01
2.243301138946797835e+01
2.102760090928111580e+01
2.020396000787964752e+01
1.826581506530710541e+01
1.834448145901104610e+01
2.041665986394444587e+01
2.290065501246634838e+01
2.604073731675045877e+01
2.341964986928711312e+01
2.065623392586363849e+01
1.965502480283350195e+01
1.996296571153694899e+01
1.995595149322627293e+01
1.874353221780782519e+01
1.858171143893909516e+01
1.949666638171767019e+01
1.889973544788391990e+01
2.005891323078097699e+01
2.030369424513677146e+01
2.113101985234030522e+01
2.247665455533807943e+01
2.159073875530895137e+01
2.153508764783649809e+01
1.828660712105994079e+01
1.629969324864735114e+01
1.469693845669906729e+01
1.541817109776642880e+01
1.738965209542732637e+01
1.937524193397336703e+01
2.262388118780683044e+01
2.667808089049884757e+01
2.567489045740993703e+01
2.529268669002959413e+01
2.351340043464577079e+01
2.252554105898457948e+01
2.310064934152284621e+01
2.245261677399763300e+01
2.353720459187963954e+01
2.390983061420552858e+01
2.534087607009670862e+01
2.495275535887770957e+01
2.567333246775728384e+01
2.741532418192424103e+01
2.970589167151862853e+01
3.321084160330779866e+01
3.403703864909519439e+01
3.591879730725960940e+01
3.870245470251208530e+01
3.798262760789464210e+01
3.875822493355442333e+01
3.668242085795320406e+01
3.502342073527371014e+01
3.404761371961330951e+01
3.330885768080316467e+01
3.318132004607411289e+01
3.367194678066594804e+01
3.406816695978813669e+01
3.552463933666322049e+01
3.276095236710923331e+01
3.055355953076499631e+01
2.831748576409989582e+01
4.318703509156422626e+01
4.659055698314843141e+01
4.716651354509892258e+01
4.570908006074940744e+01
4.559517518334587294e+01
4.683460259252767344e+01
4.932544982055409832e+01
4.498044019348854761e+01
4.214688600596727497e+01
3.992392766249332681e+01
3.844632622241037723e+01
3.928816615725401817e+01
4.149072185440981286e+01
4.151144420518274103e+01
4.175404172053288221e+01
4.221468938651568692e+01
4.549725266430930049e+01
4.529326660774204072e+01
4.438468204234429493e+01
4.390489722115290760e+01
4.386798376948728162e+01
4.462869032360237753e+01
4.089009660052175121e+01
3.766855452496153589e+01
3.532251406681013606e+01
3.299212027136176317e+01
3.217701042670061184e+01
2.863773734078863953e+01
2.773878151613729770e+01
2.972069985717025276e+01
2.985163312115436085e+01
3.121986547056217276e+01
3.023838620032491065e+01
3.043090534308829476e+01
3.177609164135828479e+01
3.123203483604614306e+01
3.273591300086191325e+01
3.037498971193241459e+01
2.864053072133963695e+01
2.765067811103373074e+01
2.416360900196822570e+01
2.298173187555715558e+01
2.249088704342272393e+01
2.315858372180820268e+01
2.260088493842663482e+01
2.453568829277059393e+01
2.731300056749532601e+01
2.403996672210675101e+01
2.473135661462994150e+01
2.425448412149803090e+01
2.610670411982332340e+01
2.985766233314322804e+01
3.031369327548195614e+01
2.685740121456280960e+01
2.630057033602122729e+01
2.780791254301551874e+01
3.154171840594611709e+01
2.976373632459473484e+01
2.964860873633027438e+01
2.834995590825495526e+01
3.121281787983904721e+01
3.327461494893668004e+01
3.438313540094911502e+01
3.685213698009926730e+01
4.043315471243865034e+01
3.745023364413098221e+01
3.557471011828486951e+01
3.188730154779485204e+01
3.066137635527798366e+01
3.217949657779002592e+01
3.182263345482268591e+01
3.364282984530284892e+01
2.731812585079730127e+01
2.141401410291868146e+01
1.586316487968274380e+01
1.401713237434818637e+01
1.907983228437818468e+01
2.848157299026863498e+01
3.313910077235047424e+01
2.656614386771252967e+01
2.203542602265724426e+01
1.974841765813150118e+01
1.824938355123262923e+01
1.483644162189842319e+01
1.369087287209986492e+01
1.532970971675589311e+01
1.904730952129460064e+01
1.887644034239506752e+01
1.758067120447908493e+01
1.712541970288611637e+01
1.757612016344904404e+01
1.925720644330324305e+01
2.040882162203393690e+01
2.452019575778301430e+01
2.665408036305135653e+01
2.812685549434916510e+01
3.081622949031890002e+01
2.667283262047734027e+01
2.725362361228318875e+01
3.230479840519051749e+01
3.071091011350852185e+01
3.124227904618995666e+01
2.740948740855982990e+01
2.468845884213917330e+01
2.346912865872953446e+01
2.216032490736541050e+01
2.185955168799214121e+01
2.171543230055529250e+01
2.211786608151880174e+01
2.318361490363398758e+01
2.398165965899774577e+01
2.586503431275512455e+01
2.416526432712873174e+01
2.239464221638739261e+01
2.181559075523741953e+01
2.245528890929707444e+01
2.421734915303489544e+01
2.676863836656619711e+01
2.374784200722246652e+01
2.266803917413237812e+01
2.379495744900587084e+01
2.685218799278747781e+01
2.408568039312985576e+01
2.198544973385807211e+01
2.189337799427032394e+01
2.383275057562596899e+01
2.737517123234118088e+01
2.845979620447061720e+01
2.608907817459252598e+01
2.445649198065822461e+01
2.371497417245062422e+01
2.394744245217012946e+01
2.163053397399148636e+01
2.257609355047945954e+01
2.633704615176121422e+01
3.193368127854976990e+01
3.525280130713019133e+01
3.761967570301477082e+01
3.374551822094306175e+01
3.071742176680849212e+01
2.880347201293621495e+01
2.823118842698620767e+01
2.829487586118730391e+01
2.865309756378880834e+01
2.893233485220299528e+01
2.974020847270577050e+01
3.077141530706704131e+01
3.104834939252004844e+01
2.847244281757362927e+01
2.644163383756760410e+01
2.602076094198630685e+01
2.728442779315703248e+01
3.002065955304779621e+01
3.179685519041152020e+01
3.009584688956269005e+01
2.999066521436294863e+01
3.170867389217026400e+01
3.498228122921659633e+01
3.802946226282985265e+01
4.140048308896890461e+01
3.535533905932737753e+01
3.332266495945364682e+01
3.213098193333033237e+01
3.204559252065718766e+01
3.070309430660043404e+01
2.981878602492059471e+01
2.943399395257123530e+01
2.947405638862760924e+01
2.956822618961103544e+01
2.593915958546074307e+01
1.934838494551935284e+01
1.674395413276087652e+01
1.976967374541117550e+01
2.656689669494727113e+01
3.108054053584010745e+01
3.112683729517021902e+01
3.260552100488504124e+01
3.533723248925981864e+01
3.905995391702350616e+01
4.352011029397788633e+01
4.275043859424134496e+01
4.267130183155887124e+01
4.437747176214526235e+01
4.767766772819324927e+01
5.227083316726450590e+01
5.227312885221239469e+01
4.901183530536273025e+01
4.664418506094838079e+01
4.531048443793113734e+01
4.510254981705580235e+01
4.238395922987846376e+01
3.499257064006587115e+01
2.921301079998431405e+01
2.875830314882990635e+01
3.519943181359608531e+01
3.423448553724737309e+01
3.566735201833743929e+01
3.501999428897726574e+01
3.671239572678415897e+01
3.914077158156185021e+01
3.443196189588969247e+01
3.048671841966596574e+01
2.864611666526547040e+01
2.623280389131135237e+01
2.651414716712570296e+01
2.353125581009224376e+01
2.096282423720620969e+01
2.017721487222654275e+01
2.057765778702717085e+01
2.022275945562325816e+01
1.957753814962443073e+01
2.620152667307765881e+01
3.283717405624302188e+01
3.328543224895840069e+01
3.563649814445857800e+01
2.983018605372752674e+01
2.618472837361503025e+01
2.563903274306579760e+01
2.343245612393203459e+01
2.176786622524127779e+01
1.707629936490925004e+01
1.340149245420076340e+01
9.830564581955606229e+00
9.453041838477179937e+00
1.182539639927558817e+01
1.214084016862095261e+01
1.155854662143991440e+01
1.275303885354388989e+01
1.563073894606393743e+01
1.945867415832846348e+01
1.984338680769993957e+01
2.111492363235065284e+01
2.090071769102678445e+01
2.287531420549234795e+01
2.996464583471662380e+01
2.664357333392051430e+01
2.963713886325735913e+01
2.830053003037221870e+01
3.073955107024173472e+01
3.239691343322693484e+01
3.330765677738378372e+01
3.513345983531937833e+01
3.774175406628579310e+01
3.379349049743160549e+01
3.042564707610998198e+01
2.887767303644806915e+01
2.766586344215557247e+01
2.683579698835121263e+01
2.567411147440160235e+01
2.500879845174493710e+01
2.239196284384198776e+01
2.176602857666046731e+01
2.135977527971678214e+01
2.145693361130615884e+01
2.290327487500423231e+01
2.008880285133984600e+01
1.921145491627325796e+01
1.672961446059053614e+01
1.515387739161169378e+01
1.531665759883663291e+01
1.594114174079133939e+01
1.804549805353124725e+01
2.119339519756096024e+01
2.520396794157618103e+01
3.123331554606395244e+01
3.206119149376704058e+01
3.472866251383717895e+01
3.885871845545089087e+01
4.404179832840615916e+01
4.360045871318327926e+01
3.702269574193645951e+01
3.069397334982878789e+01
2.480564451893963707e+01
1.975550556174151851e+01
1.634013463836819113e+01
1.634013463836819113e+01
1.489429420952869521e+01
1.391258423155094448e+01
1.377388833989879480e+01
1.414213562373095101e+01
1.593235701332354637e+01
1.703056076587027690e+01
1.765899204371529052e+01
1.860645049438500465e+01
1.835755975068581947e+01
1.680714133932359289e+01
1.642071862008480920e+01
1.773809459891337781e+01
2.402748426281869598e+01
2.607834350567535608e+01
2.963578917457741824e+01
3.319578286469533879e+01
3.971145930332956198e+01
3.971145930332956198e+01
4.018756026434051165e+01
4.008690559272442044e+01
3.598277365629281377e+01
3.248753607154596068e+01
2.820850935444834562e+01
2.724481602066712682e+01
2.699407342362393791e+01
2.699407342362393791e+01
2.726756314744681831e+01
2.841196930872620641e+01
2.854189902581816796e+01
2.919726014543145709e+01
2.980536864392051299e+01
3.111976863667209159e+01
3.176413071374691555e+01
3.334606423552860832e+01
3.574129264590188626e+01
3.618231612265859098e+01
3.748332962798262713e+01
