7.147083728260949442e+01
1.579545050120986227e+00
1.579545050120986227e+00
1.579545050120986227e+00
1.579545050120986227e+00
1.579545050120986227e+00
1.579545050120986227e+00
1.579545050120986227e+00
1.579545050120986227e+00
1.579545050120986227e+00
1.579545050120986227e+00
1.579545050120986227e+00
1.579545050120986227e+00
1.579545050120986227e+00
1.579545050120986227e+00
1.579545050120986227e+00
1.579545050120986227e+00
1.579545050120986227e+00
1.579545050120986227e+00
1.579545050120986227e+00
1.578352327137802824e+00
1.577558854938521105e+00
1.579740823708515984e+00
1.576481317251386738e+00
1.575218796943488542e+00
1.575859178623334467e+00
1.576390760007928105e+00
1.582005816255540598e+00
1.578049843029259547e+00
1.577388150634736030e+00
1.576452250119247944e+00
1.572717272322613269e+00
1.571510938446846861e+00
1.569194501176209400e+00
1.575330319079882413e+00
1.569583615905001839e+00
1.561113519505456848e+00
1.562150180222462215e+00
1.548815325028090051e+00
1.512169950610186886e+00
1.392611976884469582e+00
2.764832977416529669e+00
2.591964049042295049e+00
2.420852576595105443e+00
2.299919562655113214e+00
2.252810019115280227e+00
2.239020403298361384e+00
2.211812422439502601e+00
2.134709043612558421e+00
1.984730649046758666e+00
1.852801133870763284e+00
1.695837150482228495e+00
1.578194076596397766e+00
1.440020813502628672e+00
1.344160610785990917e+00
2.788198419992055754e+00
2.658618290686017183e+00
2.539601441499330203e+00
2.401342809044826776e+00
2.329323778980640025e+00
2.206271872122329558e+00
2.100163513257169434e+00
1.967961814487436012e+00
1.863625555645179954e+00
1.722212599119711030e+00
1.559039096223164611e+00
1.400330485517811141e+00
2.781084653120022399e+00
2.660221757879348115e+00
2.496248093742905017e+00
2.363891133917350729e+00
2.170097598075031442e+00
2.045317914363100176e+00
1.898320333159630335e+00
1.748698431124052766e+00
1.567240334443123606e+00
1.427553494505522158e+00
2.819873329114258365e+00
2.653457225950147880e+00
2.517220541210025253e+00
2.333465967753713510e+00
2.182538237019779004e+00
2.039599134281068427e+00
1.906954881468033713e+00
1.757891470115336308e+00
1.647128766894675023e+00
1.521290615884958175e+00
1.378499098022177405e+00
2.867424806941442750e+00
2.719578580660879208e+00
2.628179845703658479e+00
2.473930272877228109e+00
2.325062698844547526e+00
2.193340063060795320e+00
2.040020353149627041e+00
1.935169175182910761e+00
1.776872020251698325e+00
1.640499799446391460e+00
1.522184336282104811e+00
1.382296794984558819e+00
2.854998404998393191e+00
2.706254744129722667e+00
2.559342584506937524e+00
2.408964226926300967e+00
2.280980527793824653e+00
2.186524615349102252e+00
2.047004027584610419e+00
1.945377257808835081e+00
1.798677642549882716e+00
1.654859721301469522e+00
1.554321862079956373e+00
1.394643617559051307e+00
2.802434883889926898e+00
2.664744150155886615e+00
2.542058662983143424e+00
2.451637340628259221e+00
2.312247684188897257e+00
2.200092206952849239e+00
2.075257483970376793e+00
1.941143494465224828e+00
1.853290431268751037e+00
1.755324725260861696e+00
1.624054991378780732e+00
1.523924533568236983e+00
1.395878878906049669e+00
2.866312429791624261e+00
2.761195976088399728e+00
2.614035968343007887e+00
2.500349994686898558e+00
2.389482144059055457e+00
2.271739547784648927e+00
2.187403495802284770e+00
2.056910239580323818e+00
1.936264358091382309e+00
1.834902733844873124e+00
1.690857507601392973e+00
1.581311721435464390e+00
1.487729884388260704e+00
1.312816970737177069e+00
2.739412208782363134e+00
2.604928843070418054e+00
2.494624821640763823e+00
2.372218525130702638e+00
2.190672212548413267e+00
2.075427962430859807e+00
1.936704831896941981e+00
1.838163960645611050e+00
1.761363244644329917e+00
1.613173342735481963e+00
1.508260644618936164e+00
1.381872562832842322e+00
1.259226844758704722e+00
2.788939198437998979e+00
2.679862927124060157e+00
2.529061037194984429e+00
2.420670710569159834e+00
2.299121461574375580e+00
2.136642721954472357e+00
2.055865224284032955e+00
1.916469293828767517e+00
1.764132328740273481e+00
1.659563300818364340e+00
1.493362838023912564e+00
1.355612617575243206e+00
2.901187283450914034e+00
2.762857424889612279e+00
2.599237379038249696e+00
2.489095594826876923e+00
2.300944092058164525e+00
2.161513255655498345e+00
2.071861743861749705e+00
1.911607427169575546e+00
1.778628660997800148e+00
1.655814552035654197e+00
1.487315479427587128e+00
1.388931329240380208e+00
2.833701348914342333e+00
2.680735932428530255e+00
2.539877050475876530e+00
2.377370789713356913e+00
2.241417674239931657e+00
2.179802703785186591e+00
2.058759580111122478e+00
1.908314719026884543e+00
1.803284082896003282e+00
1.671984125364240237e+00
1.556934843959294712e+00
1.458139790993375318e+00
2.858621840095168398e+00
2.684559651188591189e+00
2.524815799649842152e+00
2.379163633690899005e+00
2.256749105677334111e+00
2.161374823053245020e+00
2.003848657383187071e+00
1.874175931610675638e+00
1.774479072706782734e+00
1.667135723768788713e+00
1.563742233749368271e+00
1.426353183323056717e+00
2.876308857575391897e+00
2.761540631239955079e+00
2.638812630373452706e+00
2.534929938514426162e+00
2.441916943209389679e+00
2.310868258856972002e+00
2.224633420812530016e+00
2.087157798118020047e+00
1.980919080628358975e+00
1.938729802591438567e+00
1.824158039208829685e+00
1.708986890724642826e+00
1.624933784909747381e+00
1.480837476057674129e+00
1.358364175644951155e+00
2.893403579405321224e+00
2.831422322335765074e+00
2.717091995778319280e+00
2.619420261498247360e+00
2.490012398727491583e+00
2.385286397996426722e+00
2.294260943881792691e+00
2.144738704764342252e+00
2.049370250424824125e+00
1.933248603948736877e+00
1.808549385004143861e+00
1.750740969216780352e+00
1.634489716337812260e+00
1.515289974641471193e+00
1.425917717316159239e+00
2.817684466303372215e+00
2.684331145377615080e+00
2.622771059079279876e+00
2.526516524881038617e+00
2.411727259626711195e+00
2.315116467839882564e+00
2.193940343780241609e+00
2.096879557475853861e+00
2.032933389995226658e+00
1.911989092846732907e+00
1.785252333494852683e+00
1.703658203660903592e+00
1.586142924511354746e+00
1.482699665483335094e+00
1.435230397604972952e+00
1.352993518916361992e+00
2.809642921922216541e+00
2.710524937728989503e+00
2.587708791950674492e+00
2.457525301926383854e+00
2.393502895371594441e+00
2.313197937876673826e+00
2.197637721366505481e+00
2.127077400696260945e+00
2.025214383622151892e+00
1.874372126110839032e+00
1.805267952674335374e+00
1.724469433118035466e+00
1.571234520657545319e+00
1.484328021347843585e+00
1.406613372910987092e+00
2.861693300516531036e+00
2.774326439371182840e+00
2.719211529058515708e+00
2.569836979656749953e+00
2.492913452007985420e+00
2.358139934754198919e+00
2.218478036418142452e+00
2.169053722678537799e+00
2.048718983198698051e+00
1.916534718221987843e+00
1.809954971135594226e+00
1.648667376551245400e+00
1.564428816466317373e+00
1.462971533357738219e+00
2.943977987535023377e+00
2.847119469307435757e+00
2.683469605392191148e+00
2.584733056299628462e+00
2.510517168302532465e+00
2.356570239659368848e+00
2.256589188976368288e+00
2.112362344854135543e+00
1.993945443910849491e+00
1.908934014727803774e+00
1.782340739760144510e+00
1.662585675807046304e+00
1.542431511813521894e+00
1.404776027491618340e+00
1.296562144803471428e+00
2.858266972304462694e+00
2.719883768791870438e+00
2.606308139553828784e+00
2.474489801369380793e+00
2.331166869447374168e+00
2.266907216001627479e+00
2.107057077830879255e+00
1.963523958949013881e+00
1.870749767779771755e+00
1.699080598170028544e+00
1.569458391004479925e+00
1.481464129886227665e+00
1.325445918823735747e+00
2.791832118773480698e+00
2.691580705432658593e+00
2.552739855469617236e+00
2.453119078458044111e+00
2.323268357887679159e+00
2.179855151563021121e+00
2.083465203047402792e+00
1.948820441825939387e+00
1.836962869497400064e+00
1.738291087871140395e+00
1.628619323369551619e+00
1.493955235999750997e+00
1.366414807684603439e+00
2.794424569682605330e+00
2.706033128048072722e+00
2.614198750686834938e+00
2.432959114660834032e+00
2.281490467212000439e+00
2.131945045198396116e+00
1.997269600041107873e+00
1.870428202300660647e+00
1.674743665293468853e+00
1.516867837001015795e+00
1.349573410441458954e+00
2.818199139629738781e+00
2.641563588629768145e+00
2.525526454294752643e+00
2.368236307284806941e+00
2.215675529289068635e+00
2.046959429364584526e+00
1.885375449865027697e+00
1.755951185767710365e+00
1.592082660755860468e+00
1.456528354264033043e+00
1.299493306256947589e+00
2.824117841351007296e+00
2.662809458770356574e+00
2.497528976309335125e+00
2.340663119057597275e+00
2.188470431418727102e+00
2.030794574566123778e+00
1.842694007009445301e+00
1.704282283586785240e+00
1.507232803193338189e+00
1.381421029621163088e+00
2.791701402615720529e+00
2.659530310775304773e+00
2.495806955249222803e+00
2.326455070953992177e+00
2.186456926099308085e+00
2.005208326245115913e+00
1.885765959116373569e+00
1.687753699597191792e+00
1.560372812720285385e+00
1.421386857364451473e+00
2.772306626356114023e+00
2.655707287552046658e+00
2.480240791307269266e+00
2.351022156310069722e+00
2.182650109129494087e+00
2.081296493065876607e+00
1.925602806546681922e+00
1.789245748609487707e+00
1.656119468971223752e+00
1.508515759015299773e+00
1.409829737445382758e+00
2.811359882109291330e+00
2.685301422138283822e+00
2.518528193269270243e+00
2.362473044817850809e+00
2.223350882601075718e+00
2.037992116358337658e+00
1.892877481467904799e+00
1.706090791045846711e+00
1.590954397768402862e+00
1.429250295781961277e+00
1.287731684694394252e+00
2.738194967136168945e+00
2.584891678386115554e+00
2.443557582552268403e+00
2.313109766322473781e+00
2.129914209651423640e+00
1.984279127998878955e+00
1.835957009512604543e+00
1.688291599591553060e+00
1.538184026786721947e+00
1.351593162656308023e+00
2.762822539724360649e+00
2.577941531355976590e+00
2.458400790644198697e+00
2.292477864177986380e+00
2.156816271820789499e+00
2.027541263685349815e+00
1.868138236683437148e+00
1.724197552156906843e+00
1.546250592966920356e+00
1.416166005617811585e+00
2.805511130596288982e+00
2.663613820608090599e+00
2.504330626735777887e+00
2.346222841693762273e+00
2.218064428309399094e+00
2.076686853554470247e+00
1.941975480741704008e+00
1.761936057144715129e+00
1.651199826553847672e+00
1.520976300256011271e+00
1.363969044280047838e+00
2.839726718524701266e+00
2.670274854786036656e+00
2.541640624853872321e+00
2.413330912050246191e+00
2.276936069310548927e+00
2.173737430455321640e+00
1.997301961667267367e+00
1.855179188978146598e+00
1.725813322208458178e+00
1.543605656736539933e+00
1.429431196544765470e+00
2.833320776182584932e+00
2.725860240710189952e+00
2.606611316257909650e+00
2.438708634725005542e+00
3.914776792787955539e+00
3.735868526391559197e+00
3.608109499434910106e+00
3.503284697777648837e+00
3.345015110761330401e+00
3.227135601497760131e+00
3.075151540262798022e+00
2.962651547145505493e+00
2.849653344868947613e+00
2.693128150363822026e+00
2.579348913275704369e+00
2.440076547306029298e+00
2.311497664477423886e+00
2.230281270891832257e+00
2.099911029133298079e+00
1.972225626515349717e+00
1.848442250583255841e+00
1.674863636696213520e+00
1.589000235320404020e+00
1.480909496676166448e+00
1.357072211543661977e+00
2.781171001505708507e+00
2.651847317781735214e+00
2.560869856467954175e+00
2.429570220871603237e+00
2.303757281883713315e+00
2.175262928499915205e+00
2.003400125573496116e+00
1.912232804847407319e+00
1.759138622266683827e+00
1.598819422890775943e+00
2.983781915156820563e+00
2.857380055490805759e+00
2.730263286451577454e+00
2.572450011985821128e+00
2.451502330018946019e+00
2.272206044340469244e+00
2.171661126550061827e+00
2.025719907523966690e+00
1.892632505617919181e+00
1.735259948472474001e+00
1.586871032533679449e+00
1.471690583993991330e+00
1.355700128355172174e+00
1.231161394416118826e+00
2.620235339821990639e+00
2.497913906710867771e+00
2.370946341277469838e+00
2.174579188672110419e+00
2.049478376657362322e+00
1.931540065014841767e+00
1.855744292638038972e+00
1.729159945063700077e+00
1.576282155126766282e+00
1.431767354619310595e+00
1.249133607149993219e+00
2.736775628214895395e+00
2.565246993311389723e+00
2.420682550065801131e+00
2.280421406854048261e+00
2.102541479385426904e+00
2.013928737374387712e+00
1.853608114446450683e+00
1.686582618545299450e+00
1.528080101907361543e+00
1.346690710176432271e+00
2.744630551601364044e+00
2.565677167147659699e+00
2.418221312489282404e+00
2.250510562718222918e+00
2.117710921378453293e+00
1.975565607633470222e+00
1.837716605232497580e+00
1.663261263780631216e+00
1.518094470149554454e+00
2.850970194160537208e+00
2.669189588898204235e+00
2.554663046062593423e+00
2.368665467481102294e+00
2.249745641138956920e+00
2.083619478071182307e+00
1.939599145686293991e+00
1.802434888515674016e+00
1.678351498770721539e+00
1.553983719037965949e+00
1.371398140340882810e+00
2.766687902785716968e+00
2.636526064751162579e+00
2.561806337868074657e+00
2.410503819197835629e+00
2.245085907408707726e+00
2.126842870882104997e+00
1.985294039514282849e+00
1.897987190336097640e+00
1.726419520704244093e+00
1.627884568105571805e+00
1.450869836552236114e+00
1.313662845037290250e+00
2.825799209385718935e+00
2.657504671477254110e+00
2.545212148891312420e+00
2.370059490542408831e+00
2.257994964391044856e+00
2.151120821081606405e+00
1.993741185874802646e+00
1.882708044123054814e+00
1.724663144493550737e+00
1.601347797624551372e+00
1.485767604816763621e+00
1.335267613081139393e+00
2.791808751427505619e+00
2.612964257329800866e+00
2.510469729535071526e+00
2.332475043129738079e+00
2.225677598552190606e+00
2.058383370769510723e+00
1.903705089313465715e+00
1.782347200373871843e+00
1.611669354453515890e+00
1.465812210942480265e+00
1.286828750809477340e+00
2.807056539086570712e+00
2.649435648500829910e+00
2.513957926671040344e+00
2.371811554066820094e+00
2.221018858018670272e+00
2.139965358216265656e+00
1.955181992061161500e+00
1.841572409669569588e+00
1.676662490942119055e+00
1.512458621092634070e+00
1.413011090652765978e+00
2.762523521598414522e+00
2.649401955400216391e+00
2.497224966166117888e+00
2.405723958819997232e+00
2.283484278412982960e+00
2.145994133567800777e+00
2.008638237755665301e+00
1.820818670196936218e+00
1.703857449173890926e+00
1.544315882240904880e+00
1.437096934017625394e+00
2.812842977992192850e+00
2.697275976952523191e+00
2.563720278703391475e+00
2.418243372147350634e+00
2.271867728756953309e+00
2.088694457826095974e+00
1.974360219358154200e+00
1.810657606327429781e+00
1.694152582379276240e+00
1.512041644871330082e+00
1.400877543532197622e+00
2.849201417719436247e+00
2.676466875386900313e+00
2.522354285316922073e+00
2.344114712119241606e+00
2.230752499727054694e+00
2.054247697032221431e+00
1.926496963414664476e+00
1.748963316144485747e+00
1.661595655136821614e+00
1.598493633744844988e+00
1.458262594478635821e+00
1.329482246954254654e+00
2.785433752235746852e+00
2.624312586555233029e+00
2.487388079268085139e+00
2.285125437013316496e+00
2.145544451266683250e+00
1.953458985633928391e+00
1.818435333077616178e+00
1.660161908339227166e+00
1.513073718889136776e+00
1.353197735034163296e+00
1.182253731238908756e+00
2.709126561055121396e+00
2.517773073795535055e+00
2.366597864796736062e+00
2.161328571628410966e+00
2.029593825945092078e+00
1.873890785978141738e+00
1.724774210986569356e+00
1.547787677137046014e+00
1.405303710617455293e+00
2.813391783236961707e+00
2.651068731437386639e+00
2.495130543322934269e+00
2.299499110403504520e+00
2.151250114599143615e+00
1.936703074173040218e+00
1.780937778635498736e+00
1.580828324196003720e+00
1.448392720238856013e+00
1.243593810567531710e+00
2.700406193569609314e+00
2.495795075296863619e+00
2.346956720928265572e+00
2.147246587664415785e+00
1.988515838787853651e+00
1.799001991719248572e+00
1.669845333777316476e+00
1.510840812943249345e+00
1.356846710461832251e+00
1.168578008686461889e+00
2.758093627223130007e+00
2.575738820479043678e+00
2.398395624170312157e+00
2.226068769935323211e+00
2.065233622271753333e+00
1.946854720218562651e+00
1.800260241424983088e+00
1.686420941316689071e+00
1.508154326868077932e+00
1.401283704902232863e+00
1.241792281708315793e+00
2.748591816909893293e+00
2.610320521111754832e+00
2.459166670831912427e+00
2.333343475219170848e+00
2.148914309070780515e+00
2.035112804312271706e+00
1.895529805191512818e+00
1.773183309096131755e+00
1.607859847908945650e+00
1.490627306180008160e+00
1.355344688253843355e+00
2.859399558003089759e+00
2.769974449804399885e+00
2.634782954572327807e+00
2.539777494747782693e+00
2.386024262307166133e+00
2.261720212747255321e+00
2.165077497858417299e+00
2.033514316712849990e+00
1.916331748211635988e+00
1.749433734352722425e+00
1.645639257954814472e+00
1.491986235292030116e+00
1.357801875865152219e+00
1.196895925053800047e+00
2.670650571816350904e+00
2.558028727642137401e+00
2.388170527515049102e+00
2.276501138101825639e+00
2.090853936022665671e+00
1.967103187866936720e+00
1.814247570692651523e+00
1.640544093504239243e+00
1.496096777435286684e+00
1.298537689922081961e+00
2.804052077374862062e+00
2.618684976624905847e+00
2.463285042364708133e+00
2.330725259881402334e+00
2.203974724097448767e+00
2.073874940466636119e+00
1.908182907146310558e+00
1.805599609288872420e+00
1.636493674555595357e+00
1.497568192312498381e+00
1.361717225800328057e+00
2.791809151823735569e+00
2.663406837616066003e+00
2.469669940803853159e+00
2.361281999314098101e+00
2.194451766787508529e+00
2.054479312251116685e+00
1.859229346934801574e+00
1.729837290130107119e+00
1.600296174447558784e+00
1.442567114208383350e+00
1.316016024448449784e+00
2.824894354693162413e+00
2.709832664503605049e+00
2.532506006440983448e+00
2.424858480434510799e+00
2.272675163603273152e+00
2.100134544355498623e+00
2.008482664367800208e+00
1.822458299578202157e+00
1.679288819792079668e+00
1.500570930959481242e+00
1.403755255412786118e+00
2.817155655345838561e+00
2.682209811551317991e+00
2.531710589105454989e+00
2.359238657846501219e+00
2.236833444695970119e+00
2.048386777226980371e+00
1.905625868013205881e+00
1.701627927516342398e+00
1.563147780338346227e+00
1.408358416742009345e+00
1.242156570286537143e+00
2.791256481820842961e+00
2.621802282837219611e+00
2.505478140758424122e+00
2.338807074243745454e+00
2.211534832633540670e+00
2.036850694814604790e+00
1.897857173535459907e+00
1.742186730493864966e+00
1.577881461314960099e+00
1.441164034875412669e+00
1.257038417902691885e+00
2.810622450365777958e+00
2.632472312579567486e+00
2.493301681062072728e+00
2.323812629700254817e+00
2.165717929541822961e+00
2.049265721293444642e+00
1.898523036083502813e+00
1.777574958171934449e+00
1.617410637359242731e+00
1.463729901970647784e+00
1.320014601376690244e+00
2.816612102386219618e+00
2.681677978932973438e+00
2.479641581223961389e+00
2.366899462475329230e+00
2.194149464915012615e+00
2.036852069222187200e+00
1.856067640247255124e+00
1.698688584498108334e+00
1.563355368220649355e+00
1.382383019563236726e+00
2.757731045226057276e+00
2.568088886596116449e+00
2.433134281717576286e+00
2.294418096743973567e+00
2.113339405995545039e+00
1.998295336442189374e+00
1.805446840635951844e+00
1.664742737415752405e+00
1.536243011191402497e+00
1.372125924199291136e+00
2.779033087004938007e+00
2.595468015194706268e+00
2.474218665804301942e+00
2.324246920853524134e+00
2.225145798888180870e+00
2.057074427981360198e+00
1.903962971704453944e+00
1.811729550952017487e+00
1.645188030835116333e+00
1.549095587475480595e+00
1.393796573605367684e+00
1.229851057798248881e+00
2.808620183863321351e+00
2.640252656396590236e+00
2.492768497247613180e+00
2.324826509975439937e+00
2.162297480955263751e+00
2.066523122962163672e+00
1.924101761965750557e+00
1.782954013092389545e+00
1.592833511816104552e+00
1.482881276652140867e+00
1.359015831297916366e+00
2.803457617592136852e+00
2.682213846782234956e+00
2.503368942607706149e+00
2.393946136216031029e+00
2.210826779819337506e+00
2.075423824384929006e+00
1.922395162075158481e+00
1.771131403919901093e+00
1.649436366616752414e+00
1.475907562612065460e+00
1.365698870853012226e+00
1.166076840111605062e+00
2.646515748267598944e+00
2.500458947566317924e+00
2.362009959870595033e+00
2.227958284749618656e+00
2.064130666015976612e+00
1.962843155031840814e+00
1.792197022784726146e+00
1.667332556231499341e+00
1.488285797840355196e+00
1.373351223411275024e+00
2.754465228205246863e+00
2.618217793609239230e+00
2.473785922492353517e+00
2.310292663160873339e+00
2.208676831769114113e+00
2.047327413288921427e+00
1.958107434899586830e+00
1.834863778467924922e+00
1.721509060836634575e+00
1.614447675180292086e+00
1.441324884644046733e+00
1.356624795166704756e+00
2.778139224807508079e+00
2.678912023397622466e+00
2.574943988863406030e+00
2.429200648235891435e+00
2.321262569967346145e+00
2.134514612921310395e+00
2.037558133734830079e+00
1.918223184187370478e+00
1.781453025090950604e+00
1.646282916132313368e+00
1.489848194845550422e+00
1.403312401902986339e+00
1.253011303747365579e+00
2.800920520322991880e+00
2.628755686378010825e+00
2.490908492022803511e+00
2.376843968379595662e+00
2.208525096691357437e+00
2.083198222792172150e+00
1.913266496359128599e+00
1.792546774473094517e+00
1.638374678124780326e+00
1.505169505455992374e+00
1.398516105600608794e+00
2.742243498958838011e+00
2.650398785235053900e+00
2.509958800788541389e+00
2.355764762590115247e+00
2.243501829457763108e+00
2.063142481818967422e+00
1.961572893169845733e+00
1.822939363622685827e+00
1.670287233146672712e+00
1.582682842146596602e+00
1.429137856321592182e+00
2.864033747160415810e+00
2.733478827315526161e+00
2.617242619269246173e+00
2.486768997775163026e+00
2.308209073553231239e+00
2.214668326786127572e+00
2.078109125715311922e+00
1.986901379296732051e+00
1.828851953578241485e+00
1.660168259895992593e+00
1.575650366567381777e+00
1.406103600339137172e+00
2.843943548702243529e+00
2.694793954235359390e+00
2.529963422101089598e+00
2.416492669385379877e+00
2.236533217458084088e+00
2.132097055664368579e+00
1.977498495993435856e+00
1.832358629759958779e+00
1.722941998070703695e+00
1.555443624379843071e+00
1.465584048601387801e+00
2.806630127074065673e+00
2.650767163097711432e+00
2.515367692479430151e+00
2.335743422989927875e+00
2.218605556545105273e+00
2.044320154353549412e+00
1.909902913642606226e+00
1.760453177715341821e+00
1.622067972177213546e+00
1.482476796589354384e+00
1.297229067813531422e+00
2.727289010098853606e+00
2.587720575479592000e+00
2.455582743668729861e+00
2.291757771213423833e+00
2.141594029655649045e+00
2.039337974286714594e+00
1.913950837556060769e+00
1.768768087591196636e+00
1.618511558764549774e+00
1.448821895392618186e+00
1.357057593766812786e+00
2.826156299724494669e+00
2.702190236000634016e+00
2.528423167593391696e+00
2.352945287745066949e+00
2.224152351777481496e+00
2.062653725224827816e+00
1.932438433920474985e+00
1.767936714103253593e+00
1.625147578173276930e+00
1.507989944130772031e+00
2.855941784038956932e+00
2.718967052713762822e+00
2.525437930573925627e+00
2.394064679285675901e+00
2.248077731924866374e+00
2.096998457526033199e+00
1.948262438086703519e+00
1.771856780849982105e+00
1.650799506678460871e+00
1.478637903388007935e+00
1.345536198429506003e+00
2.724493490075393876e+00
2.544189651071976144e+00
2.398333870172951077e+00
2.253699738935676766e+00
2.120682505545380625e+00
1.955023887637548530e+00
1.782119935052931758e+00
1.646371120063836013e+00
1.476534467162399222e+00
2.911963047510306879e+00
2.704592374258243836e+00
9.505616750311485230e-01
2.338225554245997984e+00
2.161962728939174738e+00
3.109397843426506824e+00
1.813439355737599179e+00
2.806061463130293365e+00
2.649624557175747519e+00
2.463006212457265587e+00
2.287646332632329749e+00
2.113323844627690296e+00
1.970405217030444467e+00
1.801466216545974941e+00
1.670960563798285392e+00
2.873752426398180848e+00
2.840886403701207819e+00
2.802268972643625844e+00
2.722743432478934800e+00
2.655258330859058269e+00
2.626803496568314245e+00
2.619034847974107016e+00
2.589028471216547000e+00
2.534172188258355884e+00
2.496756824852742085e+00
2.435001028707166615e+00
2.339592710824629496e+00
2.257853344281834485e+00
2.251925440038223591e+00
2.249274797277326154e+00
2.142884548747136630e+00
2.042882749034596213e+00
1.885660342971526848e+00
1.771890564444776661e+00
1.584778469389336308e+00
2.960002975793385893e+00
2.804539881471867613e+00
2.651140191445280792e+00
2.540380829886288439e+00
2.364513129496985666e+00
2.245918620851800274e+00
2.051948542789826302e+00
1.925244188792459843e+00
1.789317629825202038e+00
1.598529362873718274e+00
1.461056002588807967e+00
1.289803554677963149e+00
2.832228644389937600e+00
2.681510516343259098e+00
2.533596421234449725e+00
2.409391982789902187e+00
2.256140737708947963e+00
2.166598311320804271e+00
2.016724821550321955e+00
1.854425030621034809e+00
1.690494165985010122e+00
1.518564939753949128e+00
2.850138208218070623e+00
2.697330319984584612e+00
2.522034443984067842e+00
2.348691911661978882e+00
2.198105609947778927e+00
2.069007755919786362e+00
1.920039360972701115e+00
1.774196191862426275e+00
1.642198539711815508e+00
1.504913718171336345e+00
1.388708380534941833e+00
1.224804341613759284e+00
2.737734581675541623e+00
2.560304222956735209e+00
2.441609655373649268e+00
2.308429164796809818e+00
2.147484757066072447e+00
2.000441373845320392e+00
1.823771133642847264e+00
1.729487557378102336e+00
1.537997558078349591e+00
1.364869373123173579e+00
2.707544761727889604e+00
2.534913349983110020e+00
2.433388341122661114e+00
2.220336768937114513e+00
2.082338803998408761e+00
1.880534613962000057e+00
1.723241685219642383e+00
1.567425272044262963e+00
1.404504178468250819e+00
2.791597610559117371e+00
2.622591828589937002e+00
2.505684964429621520e+00
2.319490823214565456e+00
2.175189155787884410e+00
1.989147072247136494e+00
1.860012517349152850e+00
3.340232408741660830e+00
4.776322369186755346e+00
4.586803324735948983e+00
4.454159648307538077e+00
4.322010802712092925e+00
4.172686445767515018e+00
4.064028277458661798e+00
3.877054615221225298e+00
3.768380402296977572e+00
3.641327202447732336e+00
3.521933376736479993e+00
3.414728827123390431e+00
3.264323770376782008e+00
3.165135317225682421e+00
3.023120871407358745e+00
2.910772738490979172e+00
2.782563873122719134e+00
2.672602082264722956e+00
2.564723866683365383e+00
2.389908798749611041e+00
2.276403839180916044e+00
2.166919208945630171e+00
2.057109871341602947e+00
1.972540732904859651e+00
1.842283643797064663e+00
1.750233866766174096e+00
1.673688588165746838e+00
1.559836188444139182e+00
1.493077210634214946e+00
1.440676044461203009e+00
1.339847386315998756e+00
1.245961764185052889e+00
1.119834623323195721e+00
1.035783002865216629e+00
9.529920023518264616e-01
7.957498296065397270e-01
6.986785210270549662e-01
5.682224187274270699e-01
4.745834092815099936e-01
4.199886154142961625e-01
3.310702648799785930e-01
2.424924837566320712e-01
2.102667190093939487e-01
3.087594944811954401e-01
4.084720592296929298e-01
4.939826753011110072e-01
2.714688654334041384e+00
2.553611613389542789e+00
2.432478445620060103e+00
2.344491165935693289e+00
2.230949042640420377e+00
2.111001942661702824e+00
1.974224288239775582e+00
1.890548845073234618e+00
1.779144874255333963e+00
1.663854313754216552e+00
1.571325799657935507e+00
1.438975761115138363e+00
1.311833497188782172e+00
1.216054171741360435e+00
1.041896282793740358e+00
2.582606315427020238e+00
2.446759756226824400e+00
2.322725660838683925e+00
2.231303671621351459e+00
2.096552022806246640e+00
1.984261504461784620e+00
1.835917304223012803e+00
1.695274078176484345e+00
3.127909220929749878e+00
2.988398472857252575e+00
2.887439652264057521e+00
2.748251613203718691e+00
2.619260806943748410e+00
2.536041944712836393e+00
2.367457414901387391e+00
2.260485310227350109e+00
2.116043430492838162e+00
1.994935896080366922e+00
1.915129454041105017e+00
1.793675186870780314e+00
1.685300219929507959e+00
1.569092657104758537e+00
1.423861724545754548e+00
1.326395877129201928e+00
1.234992294350249598e+00
1.098337158224272025e+00
9.733334670013567003e-01
8.574000281872619089e-01
7.817547177260056879e-01
6.735552173485990224e-01
2.243577879848446699e+00
2.138955777649753642e+00
2.016477525607063281e+00
1.900456323065488506e+00
1.814228975841284175e+00
1.651727875374417120e+00
1.528054230733302710e+00
1.396246058816252855e+00
2.798954147459556285e+00
2.706222160380980402e+00
2.573447392826380131e+00
2.452023782255884576e+00
2.357476820963514186e+00
2.222187916663607155e+00
2.125219334271676530e+00
2.070906740078349628e+00
1.939083927919143191e+00
1.825905680532620368e+00
1.685022244724856622e+00
1.561636432060099944e+00
1.473795445988269615e+00
1.353504991605153585e+00
2.849522716120096888e+00
2.710924892201439285e+00
2.559587996036492008e+00
2.462694940560001822e+00
2.335261641084146245e+00
2.206573481344404453e+00
2.102877900029432645e+00
1.940518152753259118e+00
1.833463404608647318e+00
1.719060308644835722e+00
1.579060188824142452e+00
1.466709940978428550e+00
1.317344848934097090e+00
1.180195603209519550e+00
2.813765063251436604e+00
2.683995378962134470e+00
2.587776504038624470e+00
2.455541911462323146e+00
2.319806452964887189e+00
2.248953202054511546e+00
2.173275821749176551e+00
2.057304005613080466e+00
1.972754049192453119e+00
1.857065124860361793e+00
1.752329399583846925e+00
1.690704118696737535e+00
1.601201848732672239e+00
1.486834923860957280e+00
1.394214035709471444e+00
1.256824514153408234e+00
2.757149837013608717e+00
2.667002027372384898e+00
2.539339745735970322e+00
2.406617757276650060e+00
2.302460282736076280e+00
2.167079232859518978e+00
2.045315667593171405e+00
1.960878698143721399e+00
1.830206259238396527e+00
1.697030869063388403e+00
1.576643124089153858e+00
1.452376537422463310e+00
2.886855336503989289e+00
2.744802921473008528e+00
2.613842893263017775e+00
2.482840339337376356e+00
2.334416316963126015e+00
2.205726698854191259e+00
2.096162586392905425e+00
1.977734337462904390e+00
1.863223232105560401e+00
1.701675085457469150e+00
1.587360145510918530e+00
1.492679186583447004e+00
1.338130251324601616e+00
2.844878493667493569e+00
2.630672034174247109e+00
2.471447790364885488e+00
2.363038859421212390e+00
2.215317732724595423e+00
2.049269370680878222e+00
1.930573309731618004e+00
1.761849544837694959e+00
1.654591562533721527e+00
1.560569505791165046e+00
1.405653282719529606e+00
1.281873835467832068e+00
2.762992455272297310e+00
2.614872790053865970e+00
2.516953656252832960e+00
2.382162589552427878e+00
2.240140278032910270e+00
2.087000978156566156e+00
1.966687731522869242e+00
1.813727975488834465e+00
1.676276346323969602e+00
1.517324563128289672e+00
1.413961278412955602e+00
1.317922161727400399e+00
1.208705845555629654e+00
2.793574634789042666e+00
2.619300882058758884e+00
2.437844422084751717e+00
2.295015327249381176e+00
2.183337131744917503e+00
2.019664021229289563e+00
1.882927995958519451e+00
1.740652124845593507e+00
1.585258608694175564e+00
1.481894197666526969e+00
1.319375456713989037e+00
2.786485767211931197e+00
2.654451449264324747e+00
2.500892285118226699e+00
2.391911212387580754e+00
2.295895438007822698e+00
2.176391709507981442e+00
2.049403128597524937e+00
1.912945152221332545e+00
1.814470518944336419e+00
1.704567918110051927e+00
1.596380726398932914e+00
2.820904015088260053e+00
2.698405648401849266e+00
2.575727083661540018e+00
2.478520013962613344e+00
2.355017988181483890e+00
2.213731316233603419e+00
2.092469438033690565e+00
1.960934714124200839e+00
1.885838746803036425e+00
1.779414418059345637e+00
1.614024969875165638e+00
2.860760267355721087e+00
2.821077549736052958e+00
2.808365096319315857e+00
2.776372213081377716e+00
2.713528082987417989e+00
2.677539421090203486e+00
2.693098863036550661e+00
2.718841698365351167e+00
2.711734624588355569e+00
2.681349265255339454e+00
2.641535024231608464e+00
2.570083358719381206e+00
2.496133575042066344e+00
2.425672131109281704e+00
2.392085645288532625e+00
2.371763678490356408e+00
2.207754109940091691e+00
2.051627628146132754e+00
1.937711436456885705e+00
1.770243519587445080e+00
1.684101883263151800e+00
1.569592831034302360e+00
1.379591958623841208e+00
2.709675101198427249e+00
2.556356788955936654e+00
2.397574708901406559e+00
2.284259577581573275e+00
2.108850438983184361e+00
1.973689587158590664e+00
1.823209980262342933e+00
1.673928081440277937e+00
1.598467368285719781e+00
1.469247439424470558e+00
2.813521886242901004e+00
2.743838863458171407e+00
2.654183700699081605e+00
2.509198951041902603e+00
2.416316346494451039e+00
2.295667829000388238e+00
2.143442128561579008e+00
2.046488697857522521e+00
1.915549455610786822e+00
1.779583116942912824e+00
1.681688081944978208e+00
1.522146105018695961e+00
1.381138924619267572e+00
2.815439402683272085e+00
2.691552600529909967e+00
2.594681897352312472e+00
2.420033957208356679e+00
2.286362099500877765e+00
2.126777093997848311e+00
1.961214212048626004e+00
1.817425238681240840e+00
1.619904580049001064e+00
1.494041484011991994e+00
1.324463559613029418e+00
2.680733544690612646e+00
2.557874023439741240e+00
2.351361615121909665e+00
2.194271840496984982e+00
1.997268797011894748e+00
1.853106278961145881e+00
1.686882707117777880e+00
1.508579823626410965e+00
1.357543652779354293e+00
2.802026179505311188e+00
2.688612769316697904e+00
2.479376865510540817e+00
2.305863887522604738e+00
2.093568170101359094e+00
1.929244857460078899e+00
1.784482684052761892e+00
1.573648097869562834e+00
1.433564035854163032e+00
1.261594206134472484e+00
2.687555969516346011e+00
2.534698299670732347e+00
2.355337810647241792e+00
2.180813809565831374e+00
2.039443580011982338e+00
1.894853025209755737e+00
1.730177861378964899e+00
1.572470920926000826e+00
1.412660176889004138e+00
1.232381241451765197e+00
2.603709188555048737e+00
2.443301804706380587e+00
2.309500101262027094e+00
2.153691759600012023e+00
1.990379444099267259e+00
1.884084092731571181e+00
1.729020247126960452e+00
3.105385898177534187e+00
1.435719220926573003e+00
2.781282484336690342e+00
2.679653052643290234e+00
2.523308467848656367e+00
2.381773372156111179e+00
2.251185417067441463e+00
2.115328365258023258e+00
2.002224379970349855e+00
1.897249784249776194e+00
1.788358650028085028e+00
1.709405682244754532e+00
1.641741098612874428e+00
1.522219814099780022e+00
2.895197629109744319e+00
2.738705996862553782e+00
2.585030134248147426e+00
2.452378707321972939e+00
2.271529937210644334e+00
2.138593558003725636e+00
2.023442120216274898e+00
1.869773714991963098e+00
1.691763088402749471e+00
1.559948079314372960e+00
1.416400664893753492e+00
2.811212799105378135e+00
2.627430840235538856e+00
2.420704672165248539e+00
2.255379453189968686e+00
2.101439918105306948e+00
1.955566327517141767e+00
1.780497620375381507e+00
1.643506518295913876e+00
1.494463429006074318e+00
1.375616852516891031e+00
2.822568899604935400e+00
2.636113526012080932e+00
2.502970672112092121e+00
2.350662075554248887e+00
2.231939280468578257e+00
2.091332585664414712e+00
1.923667311613459052e+00
1.774386289893415514e+00
1.599485218401238473e+00
1.476058558673056798e+00
1.366499076299010351e+00
1.188686191487315469e+00
1.051272433210616697e+00
2.506451755405344706e+00
2.359083618976875130e+00
2.245748113379611777e+00
2.090960532915094205e+00
1.913261240901191984e+00
1.739060661817716458e+00
1.620856495595497382e+00
1.464249153633075951e+00
1.320475092897904101e+00
2.766100641621106249e+00
2.590160008440380413e+00
2.446207120951417124e+00
2.283640156907483121e+00
2.169233481175728784e+00
2.014518380810848885e+00
1.893434027641108575e+00
1.760311655480286230e+00
1.624608403987723104e+00
1.493349849585231093e+00
1.365333704758033839e+00
1.235757253581449167e+00
2.666011131003935830e+00
2.501294142224643746e+00
2.345765262590723488e+00
2.201749662736001589e+00
2.007416321399517756e+00
1.882907841867862864e+00
1.746375295596963362e+00
1.552164876415300876e+00
1.430228214680455689e+00
1.269072229309149424e+00
2.754871471757023293e+00
2.651027449905852151e+00
2.496781665495328095e+00
2.361208511817089128e+00
2.183576706284887869e+00
2.077084485476761166e+00
1.944796395235165010e+00
1.771859081739340258e+00
1.620594306876997903e+00
1.442545983983552604e+00
1.323131105556552223e+00
2.751949814802594485e+00
2.549481586517006626e+00
2.422858000319531246e+00
2.242031443921122857e+00
2.095274695367226325e+00
1.972595551555416993e+00
1.771211461181137592e+00
1.618288566466564715e+00
1.446850347533722436e+00
1.307406835161833758e+00
1.154071452785838892e+00
2.514732451366130661e+00
2.386175081473059123e+00
2.241862915174918758e+00
2.102849780460987361e+00
1.973897978980436285e+00
1.817351754735951896e+00
1.688243337467046024e+00
1.537784603328729460e+00
1.396550967963148260e+00
2.794570463013692496e+00
2.641339689661285295e+00
2.500392774711599930e+00
2.338619581782013679e+00
2.184378720295847121e+00
2.058617177081553784e+00
1.933020213154236222e+00
1.787169608274557842e+00
1.625709251214821682e+00
1.463413161754018699e+00
1.329936387984060664e+00
2.770138524449515582e+00
2.610236239401331648e+00
2.448000839942991114e+00
2.311490061018786957e+00
2.251659499852428414e+00
2.154097523865605268e+00
2.011570817715091053e+00
1.889552117475698623e+00
1.707896894263176257e+00
1.572345897773012036e+00
1.517045609657521998e+00
2.892252434018575791e+00
2.721364974880459808e+00
2.605077109718112460e+00
2.450270109843927901e+00
2.326643220111333843e+00
2.200555595376405993e+00
2.061077413092688548e+00
1.945841199508860253e+00
1.825427475317497272e+00
1.701337803365475354e+00
1.589257637008610002e+00
1.494725822248849090e+00
1.347088209389820657e+00
2.793863766942124460e+00
2.657809345828131331e+00
2.541044763604079826e+00
2.408064151161775968e+00
2.243165606078294960e+00
2.118504238402383333e+00
1.946702925774147941e+00
1.831728040731156693e+00
1.690667190708106338e+00
1.560356626873961705e+00
1.422165549755787239e+00
1.273502762302525904e+00
2.742666017864782368e+00
2.605252231348932579e+00
2.474921530537338654e+00
2.315546692269450535e+00
2.169553931376926315e+00
2.062470517383876434e+00
1.972023366805959466e+00
1.846219299385504220e+00
1.688371433256082854e+00
1.542434704615160967e+00
1.401278154966606682e+00
1.335567693137627465e+00
2.835972505700013802e+00
2.714743986411752630e+00
2.569460631519531191e+00
2.404988543733760586e+00
2.322214930459822746e+00
2.227766089541184602e+00
2.107673268679788769e+00
1.997553018893600374e+00
1.856357626303823949e+00
1.751344457539972588e+00
1.657919633553216476e+00
1.525904952419443461e+00
1.390867606288835878e+00
1.247429158402854954e+00
2.698879580683076540e+00
2.595471007269335662e+00
2.488561977207059517e+00
2.350424299919847471e+00
2.207012716240438710e+00
2.076326893018634046e+00
1.996762365185505761e+00
1.895220786551419012e+00
1.747479714282681451e+00
1.624908984576100002e+00
1.467841051141601350e+00
1.351245523561614981e+00
2.812871095128300247e+00
2.693036215908577002e+00
2.564942622978616971e+00
2.419966002387738957e+00
2.301992132102181454e+00
2.200858056298195198e+00
2.037287029871772681e+00
1.892719542377073072e+00
1.742491602847935139e+00
1.627974629541798279e+00
1.529839720588880292e+00
1.388517120993414622e+00
1.252717186965777385e+00
1.131058801694588389e+00
1.020008462545905159e+00
9.351698728163408969e-01
8.094772308234020608e-01
6.646043036860049824e-01
5.373662865876773775e-01
3.519937043312442171e-01
2.726859890645531026e-01
1.930319582544750556e-01
1.953767563889046988e-01
3.103528877025251709e-01
4.852751752810118280e-01
6.275730580272754766e-01
7.761646785661056036e-01
9.398268343356821486e-01
1.088981433096569917e+00
1.291416984706281301e+00
1.421615326410541336e+00
1.575570720862451424e+00
1.739454707874368511e+00
1.868611508336854188e+00
2.074311386676130020e+00
2.205093018684523454e+00
2.396616782913652433e+00
