9.706289112605477953e+01
1.583944936149798810e+00
1.578261951042920552e+00
1.579430396259895453e+00
1.576247265065378933e+00
1.577042097658727826e+00
1.595931606765379707e+00
1.581708439004233080e+00
1.576831677592793080e+00
1.580116301992391170e+00
1.581216257621270049e+00
1.578841210465153244e+00
1.579614868164270103e+00
1.581077660584732536e+00
1.580181004533265599e+00
1.577888590197350061e+00
1.578897466593756516e+00
1.575871538106806247e+00
1.529916249270201645e+00
2.943836741441374194e+00
2.770353555427798042e+00
4.124356248868640051e+00
3.908507609278163653e+00
3.738428913806080445e+00
3.618181574525148658e+00
3.451150456530365229e+00
1.707376285380316050e+00
1.470266997723187252e+00
2.839684563768248182e+00
4.171301752172816180e+00
3.962179761459360350e+00
3.771206625072893726e+00
3.544975850533273576e+00
1.821303212830307272e+00
1.616992073890404225e+00
1.431014919977666056e+00
5.893403015026945191e+00
2.548634163984069279e+00
8.317749527460467363e-01
6.140426530163405339e-01
4.210417536050645171e-01
1.756025001452837353e+00
5.185707382604597127e-02
4.559371462709036926e+00
4.436152399533867197e+00
4.265105761361036585e+00
8.765114323641901350e+00
5.519251447835037183e+00
8.273595556153732211e-01
3.680050166223221453e+00
3.986742556992668440e-01
4.908662625492365095e+00
3.209622654877407388e+00
1.435648888878891638e+00
1.295443133433700877e+00
2.690856284668964093e+00
4.113718788391883763e+00
3.942988300598736284e+00
2.205838697732124043e+00
3.612011072778266385e+00
3.460169890800255832e+00
7.897459610870204649e+00
3.092151234714458852e+00
2.913764293173124909e+00
2.746904988426850380e+00
2.574863729730862971e+00
2.423410069829696312e+00
2.234625386984534501e+00
2.065461978787640707e+00
1.887712270948659343e+00
1.702858909639309415e+00
1.534649966570588386e+00
1.355920750456897528e+00
1.193864806638538889e+00
2.544206799603773828e+00
2.379858744559017136e+00
2.220263054722862783e+00
3.629155796537577583e+00
3.466338207808183469e+00
3.309560265431525927e+00
3.162259051955537359e+00
2.986652683893174842e+00
2.853934728555808320e+00
2.699829058009083127e+00
2.588260694296072195e+00
2.436951773682492384e+00
2.295281014449107371e+00
2.139410438983933904e+00
2.028363143726174211e+00
3.359434602484066001e-01
1.767909800880983706e+00
1.625110789879931072e+00
1.467760977549748658e+00
1.346961023778840971e+00
1.202353083634948305e+00
1.087700192825141965e+00
9.292548297900601328e-01
8.066528698199332270e-01
6.520679307625401044e-01
2.043747502476751077e+00
1.882353059852101218e+00
1.723629167545487118e+00
1.561783947769074032e+00
1.856765515310635772e-01
3.637277890390205881e-01
5.186013445546447942e-01
4.132033873045623196e+00
8.012133307648390268e-01
9.188004667565727868e-01
1.098773441629740999e+00
1.254621127999008934e+00
1.433932623546924301e+00
1.583935512064262197e+00
1.781323792606831713e+00
3.729142562869375288e-01
2.673297670712305063e+00
8.827231954980035988e-01
2.307784093224146904e+00
2.143879787000579462e+00
1.967592862347572691e+00
1.806670004778463179e+00
3.196556228550157197e+00
3.021585231281549433e+00
2.861871256074587588e+00
2.695726196513611228e+00
2.517696151016600492e+00
2.332951732307027903e+00
2.178483498156483567e+00
1.983268127460410257e+00
1.807842406262971435e+00
1.609770839251945640e+00
1.457094097160801960e+00
1.246974209847427906e+00
1.092680230922493889e+00
2.430417449766698379e+00
2.294445326273517605e+00
3.652116070246355317e+00
1.907403734654308014e+00
1.716810460071749533e+00
6.230237921811212942e+00
7.666979040480105034e+00
9.105653669650108029e+00
7.309067870115743659e+00
5.537581606559276892e+00
5.348167591711763258e+00
3.649432764458657275e+00
3.476346709554341885e+00
3.299290869763494172e+00
1.543987275084824695e+00
1.367002992022232188e+00
2.795067290273881344e+00
2.578493600198172420e+00
2.421714106200071104e+00
2.207144809096557303e+00
2.037230663587985546e+00
1.856350071157592430e+00
1.694906160330629019e+00
1.483596110439561633e+00
1.341394508033255439e+00
1.167676999956502204e+00
2.514216508564103059e+00
2.327953581415660445e+00
2.178657336032722824e+00
1.965613322579703448e+00
3.418828658087132322e+00
3.204851492852413219e+00
3.030699251359556534e+00
2.829466743758918934e+00
1.076653177930688265e+00
8.846765643759617603e-01
8.117683277955989318e-01
1.004689386863665490e+00
1.143670641562633206e+00
1.327240494501077173e+00
3.234754135373825168e+00
3.042577655863309083e+00
2.852254598901838634e+00
2.665771011908767196e+00
8.982178180230943054e-01
7.524976386977284548e-01
5.655285600308810334e-01
4.265150740914509520e-01
1.743098346695401757e+00
1.557099928327643212e+00
1.367091897406151668e+00
1.234118929585908297e+00
1.045049409963342724e+00
8.665176668371787905e-01
6.851497435923082913e-01
5.442109591066436325e-01
3.779448498261477329e-01
2.398905827572204441e-01
1.863467024546439366e-01
1.419379813496353115e+00
1.273897134850121349e+00
1.082599315659031891e+00
3.896257219795437710e+00
7.361213907473731499e-01
5.914171302123534257e-01
2.016230569220095248e+00
6.616672069317833582e+00
1.605897592605367130e+00
1.472123971755743943e+00
2.812135872535423520e+00
2.659849895090580674e+00
2.477719062508339842e+00
2.308078484753041781e+00
2.083960732634305035e+00
1.883922435475271495e+00
2.164975341809048937e-01
2.344687160603935450e-01
3.671694799667517550e-01
5.191290477036304418e-01
4.070357590809658532e+00
7.174036656659825706e-01
5.397118012297706713e+00
1.916453888594142008e+00
6.529950639527815071e+00
7.844095808385221247e+00
4.532418133197047005e+00
4.332717504454629776e+00
4.101974103664055349e+00
3.897197721198304876e+00
3.622872288040547506e+00
3.418012059738306352e+00
3.188464438588372474e+00
4.590840472432941688e+00
4.349340957478937675e+00
4.131038463208829725e+00
3.914549038427442618e+00
3.694043785526231805e+00
3.493263293089886812e+00
3.289382069542453380e+00
3.072309962952698648e+00
2.865802115156790730e+00
1.083041830781118486e+00
8.675825308134242908e-01
6.984633215005316975e-01
2.036628851030817255e+00
1.797701830651019295e+00
1.556211520653089986e+00
1.350046058497414547e+00
1.126639160016998931e+00
9.042274548003401691e-01
7.132641833826235400e-01
5.688525288747829922e-01
1.799273596967850830e+00
1.583284951676869445e+00
4.515017574069462469e+00
4.311536649182286851e+00
4.072472266208273517e+00
3.861682717022517419e+00
3.601003398922755228e+00
3.421618505180059167e+00
3.190611973171606053e+00
2.975212361307368880e+00
2.744695955612710847e+00
2.543781948957087202e+00
2.300975534906326114e+00
2.105513859586313430e+00
1.857607287871199331e+00
1.643764052667689768e+00
1.405239950933101056e+00
1.198952210972629828e+00
9.684406582774132133e-01
7.580958807396622756e-01
5.345686892197204498e-01
3.820239071349565974e-01
3.060208730110102748e-01
1.358930107936798803e+00
2.655629589855915462e+00
4.064250348492564946e+00
3.897771102758733175e+00
3.673135588108732641e+00
3.456235753398757993e+00
4.752318898833251204e+00
4.569358926883267280e+00
4.345127174850262008e+00
4.160793508002521790e+00
3.946228375509985398e+00
9.922852635319762138e-01
1.224801614377994063e+00
1.410746672084579156e+00
1.649848360742426356e+00
1.866521402232773408e+00
2.105127868099161859e+00
8.125944173634320755e-01
7.262218139254171811e-01
5.940549909122415650e-01
4.171066718607681634e-01
3.233135769173354213e-01
1.439367373283018114e+00
1.244008646719738875e+00
4.125652781574181027e+00
3.903176207303844514e+00
3.669273919140146667e+00
3.457189243821785052e+00
3.206849432494133012e+00
2.996130233114930430e+00
2.788816001623346086e+00
2.561730625816743601e+00
2.340842970157039460e+00
2.130801029228120314e+00
1.939618005916604382e+00
1.678688767422022998e+00
1.470488192977749131e+00
1.248951524150435866e+00
1.025243066025868233e+00
8.256004519698056932e-01
6.174375264810439967e-01
4.883986625261457215e-01
3.557332072115482746e-01
3.774613893442202994e-01
5.383508840946057417e-01
6.733409080369754385e-01
8.994840422933495505e-01
1.105723907332692102e+00
1.312646753821244294e+00
1.506722832172868953e+00
1.759001494457283821e+00
1.983959902449476953e+00
2.162496008866744202e+00
8.988586560276964343e-01
1.129032074130853491e+00
1.923645831614934520e+00
1.755944283192383715e+00
1.531560625439984724e+00
2.798866101801334327e+00
1.142928604900941059e+00
9.355250340636211970e-01
2.194863764512797744e+00
1.966250276349799764e+00
1.758913555419856500e+00
1.519435438150699813e+00
1.332999441816446806e+00
1.120702671709747689e+00
9.095100521828273221e-01
7.036584122832840738e-01
5.430980996443381947e-01
4.540045475990699964e-01
1.722495946686960933e+00
1.553988912957546598e+00
1.363936491544224028e+00
1.219073057118222225e+00
2.508972361204815371e+00
2.384890571431301343e+00
2.267583147157619994e+00
3.769767717829067610e+00
6.743249898423634425e-01
5.674523061119245426e-01
1.704123298920177998e+00
1.520090380240510131e+00
1.366398455716112847e+00
1.191603280846073476e+00
1.033297320104290096e+00
8.953870978174897077e-01
7.537261856491070944e-01
2.049293438427387759e+00
1.884886402418483708e+00
1.761864454785123213e+00
1.634313367371581061e+00
1.464435855998518665e+00
1.315708412779169389e+00
1.165027690609092392e+00
2.520956408131833637e+00
2.353238085747125563e+00
2.211046096313309839e+00
2.023384756529886808e+00
1.898468149392686044e+00
5.582259762511933010e-01
1.842868582256455223e+00
2.040200284495550687e+00
2.166531711040894148e+00
8.813357933516600129e-01
2.467420682307756241e+00
2.287085020320337669e+00
2.166311819486030021e+00
2.006221405195117935e+00
1.866848533910886454e+00
1.687853774750911695e+00
1.569402740413566200e+00
1.425448794211425341e+00
7.105340960541138839e-01
8.165090849796634576e-01
9.729921446952636277e-01
2.267671273163038848e+00
3.597008768650405308e+00
3.471929196963284170e+00
3.312004314581779685e+00
3.197940935852554123e+00
3.068433766071500646e+00
2.933918673784413400e+00
4.363222338191984129e+00
2.645613514773012653e+00
1.115711555652789677e+00
9.654129833092122137e-01
8.717356205957847992e-01
7.809311447814430984e-01
6.999347435217696534e-01
1.926840176704393226e+00
1.762079657727895432e+00
3.163442089916621125e+00
2.999636781478161929e+00
2.842079598619529968e+00
2.728488081448040337e+00
2.560994949143637456e+00
2.429877445574248007e+00
2.243428501000389375e+00
2.117042074416408237e+00
1.990574612867278548e+00
1.830396738841504556e+00
3.257382295166464825e+00
3.092926465188374774e+00
2.971396325688477891e+00
2.792787885634396172e+00
2.645169775197603546e+00
4.101453904984764698e+00
3.943778569501975362e+00
3.792484676282231959e+00
3.600308565782685655e+00
3.474142141303376619e+00
3.317045590217110984e+00
1.630803973076195401e+00
1.495240321964083297e+00
2.904073868709446948e+00
2.744628513644981727e+00
2.582610028616765696e+00
2.460795567730801103e+00
3.786507306881609747e+00
3.633434511409324497e+00
3.439075039790451704e+00
3.300937619656830080e+00
3.100836911708451549e+00
2.949640445154875223e+00
2.760120364580300745e+00
4.204678685706841890e+00
4.069921982728551768e+00
3.890171400964733017e+00
3.750763326448196100e+00
3.556284784475123750e+00
3.429952966358985389e+00
3.278255823054377682e+00
3.118468384702033802e+00
2.949236284577585021e+00
2.780854221141147775e+00
2.672890874215103629e+00
2.502520992876757333e+00
2.361829447381344593e+00
2.159043809623369281e+00
2.032440380026049542e+00
1.878440186868592932e+00
1.706889563901334395e+00
1.552226109588681124e+00
1.404816053251395802e+00
1.316835726344258051e+00
1.135108777496689259e+00
2.602403135805351653e+00
2.430747824163537629e+00
2.302319983654231628e+00
2.145549430307083227e+00
1.966202428484465470e+00
1.837564773194340306e+00
1.669238180013466355e+00
1.567191515954699854e+00
1.405277828663756390e+00
1.253922974546755942e+00
1.114466616647509900e+00
9.962591354939048793e-01
9.001988556652061879e-01
7.604205761416645837e-01
6.921059165994234430e-01
6.576088183790300690e-01
6.723253278901827334e-01
6.905870938303388940e-01
7.476670665782970682e-01
8.749959550872288272e-01
4.207433438620935995e+00
9.903753746463642704e-01
3.878816132643004622e+00
3.747417628463434625e+00
3.587732506916910147e+00
3.472445244616386262e+00
3.304926999980945634e+00
3.133122302105023405e+00
2.988978595180152631e+00
2.831955713760311966e+00
4.279336125128105905e+00
4.084019650655192457e+00
3.931453207836189012e+00
7.934100641951919997e-01
7.304408814127886229e-01
6.445012203448096111e-01
6.288967083883976184e-01
7.135293081347210409e-01
7.986762750862637095e-01
1.223223959346463996e+00
1.103784078527329404e+00
9.648534072865436739e-01
8.660280094104685356e-01
7.717330944601995535e-01
6.922954515017821775e-01
1.716037491681900340e+00
1.562987333157649816e+00
1.412406251664842571e+00
8.919251437822539597e-01
4.183490348659588243e+00
9.662877425630685968e-01
3.870100397538541959e+00
3.667943964569892579e+00
3.515355049865827031e+00
3.334796178322477100e+00
3.173006367018888607e+00
3.017436197476890847e+00
2.816897109701392399e+00
2.646359982991931759e+00
2.456056607646673662e+00
2.301015017367338711e+00
6.980804042416830946e+00
7.085788980598783926e-01
7.000086372407297031e-01
7.143747353010467815e-01
7.627894453611555603e-01
1.333903862039691246e+00
1.157389395658779740e+00
1.020270125767514635e+00
9.197904790840260025e-01
7.654481913127155757e-01
6.820367125272638331e-01
6.329125491436254913e-01
6.345383807797978504e-01
6.694845529709961829e-01
2.915725878490207812e+00
2.737946920604793277e+00
2.574119045857041321e+00
4.090079751873072489e+00
3.894719543470166911e+00
3.753946759896877428e+00
3.580798605369243326e+00
3.440538244988776029e+00
3.245067517164324400e+00
3.075919874192231784e+00
2.902478761485317804e+00
4.368520253953048993e+00
2.572042781495355701e+00
2.404363176849840578e+00
2.259129121194575873e+00
2.086934735884040659e+00
1.963905975099351942e+00
1.779622471973281828e+00
1.628103884765846887e+00
1.466377231437102191e+00
1.342350611791755188e+00
1.200204628134550866e+00
1.056615856730383163e+00
9.745333477459237059e-01
8.630048178043289164e-01
5.137108130625913205e+00
4.979446333910817479e+00
6.462338595510676242e+00
6.590798083830590182e-01
7.180303165462772474e-01
1.462198751476466274e+00
2.713022857611150140e+00
2.557308462848723263e+00
2.400277137295907082e+00
2.263740280527708038e+00
3.634727290992367799e+00
3.442339390010003886e+00
3.298367858934473595e+00
3.114604806771759105e+00
2.972772608529519633e+00
2.839271842482167241e+00
1.213279258867683286e+00
1.099454956243929082e+00
9.824676465595560959e-01
9.100478225847101754e-01
2.111269882229924288e+00
1.949920390269648696e+00
1.799348134393950360e+00
1.643494109843802065e+00
1.546741250416512115e+00
2.978611106534757802e+00
2.816779281907527022e+00
2.644941080852206472e+00
2.499372687741018062e+00
2.393186905516672791e+00
2.205901809788155088e+00
2.064398440200393203e+00
1.878890075365647006e+00
1.742444190385462610e+00
1.596828602139634512e+00
1.423437892068215804e+00
2.829654599018033068e+00
2.654438400349311333e+00
2.572936788620578952e+00
2.448038530349079700e+00
8.986393211424914540e-01
8.262427386251336436e-01
7.729808595589827691e-01
7.528307081197802564e-01
1.946075632275019007e+00
6.412927900350314125e+00
7.970300267299387009e+00
7.850488058757712828e+00
1.228945130409540809e+01
1.360453737485990855e+00
9.703406998491018731e-01
1.050778953797383286e+00
3.804181244775878046e+00
8.803235100265195401e-01
5.108044553025522738e+00
6.604349150919691880e+00
6.467721680020778408e+00
6.273902396879169174e+00
6.147272203874509344e+00
5.988140976664370285e+00
4.117787159574606726e+00
2.373064447828740597e+00
2.194976836120919650e+00
2.087661015118520869e+00
1.919946415144671903e+00
1.789566981452876071e+00
1.627068902981604115e+00
1.503101573576579142e+00
1.369345861321246360e+00
1.200947122999086014e+00
1.061820480038403680e+00
9.375243603335151610e-01
8.614152667304650901e-01
7.603733210008447596e-01
6.729488950265595237e-01
6.559888293656227498e-01
1.632112205040432640e+00
3.139288535191966378e+00
4.440619195658142004e+00
4.298904685732559905e+00
4.115119778383771632e+00
5.513471156112233373e+00
5.346877744694071843e+00
2.180045171314957120e+00
2.035851748947425044e+00
1.863957238695772567e+00
1.746862059680345469e+00
1.564947345841964266e+00
1.442986405448473342e+00
1.301970642401975020e+00
4.058368273676960847e+00
3.912634068086147110e+00
3.746073297295802629e+00
2.124013076730801419e+00
1.960958763095539625e+00
1.832700015326604204e+00
1.657474429670679816e+00
1.528401218953587826e+00
8.014153381554038891e-01
1.293996065991741107e+00
2.566304448104064662e+00
2.385549901729550726e+00
2.242564422198039864e+00
2.081086866290964732e+00
1.977898088062080006e+00
1.840374516968244833e+00
1.687146125306199229e+00
1.555186032590066603e+00
1.401579937796499920e+00
1.286964459661094295e+00
2.561888246403517755e+00
2.395517464226911475e+00
2.216255358096463457e+00
2.076240494352316723e+00
1.936584372787720998e+00
1.763332526348536877e+00
1.636960606035639199e+00
1.497860378295532202e+00
7.771658395082784443e-01
8.405756993929062171e-01
1.086508530615424517e+00
2.392485957917582340e+00
2.202165856173366798e+00
2.084310528029063914e+00
1.946044430581850948e+00
1.771401224215604309e+00
1.635200547387786196e+00
1.482763364573843834e+00
2.849850156844890403e+00
2.686928189449280691e+00
7.169763822648367757e+00
5.498380737957061726e+00
2.243610309083275745e+00
2.135840579586178567e+00
2.001261630012322268e+00
1.855226036330749340e+00
1.723992210769053735e+00
1.581828891665298942e+00
1.493001951162571617e+00
1.338475091100674863e+00
5.745995227740489320e+00
7.174351455164867275e+00
7.006913675344478065e+00
5.314247632972049828e+00
5.122402600732728573e+00
5.005394784565403654e+00
6.452502281042471033e+00
4.693178530240333046e+00
4.594181098500089711e+00
4.410104713995892212e+00
2.752085667104042344e+00
2.551142604847161266e+00
2.416967069141808810e+00
2.240264342529776798e+00
5.164914779644293574e+00
4.992293866121717549e+00
3.268900181225264934e+00
4.701250804728707600e+00
4.491618161085680683e+00
4.361997282181870439e+00
2.319907948072364778e+00
3.959713223569710117e+00
4.154401477176931756e+00
4.275565866351886513e+00
4.466089391963486754e+00
4.627816667750821011e+00
4.755264164543804739e+00
7.479500877982147022e-01
2.931087139682936105e+00
2.740488147128560037e+00
2.615114821659361599e+00
2.403704584299484193e+00
9.136173239424356662e-01
8.369451604744546636e-01
8.037211991389097143e-01
7.530019248757239270e-01
7.287859679555205306e-01
7.690306975932301725e-01
8.402425320184787605e-01
8.971334360123017770e-01
2.796089610063559494e+00
2.694952617875539858e+00
2.579377337903184131e+00
2.526360246211371674e+00
2.416324167175803339e+00
3.874165599287010764e+00
3.826466607840463219e+00
3.820349884126064577e+00
3.807704461877202018e+00
3.734240094800775012e+00
3.700589746597773733e+00
3.702023952992708367e+00
2.034657778845660125e+00
2.012807866328288675e+00
1.978949489775496451e+00
1.942848778964118006e+00
1.853503353558836553e+00
1.746067160604114044e+00
1.671549525061218011e+00
3.322219159465612304e+00
3.265941322532283309e+00
3.086770135244591540e+00
2.939480860328563594e+00
2.735524943362130035e+00
2.596505764693028961e+00
2.389774262344260158e+00
2.213077543519136103e+00
2.028380146953500773e+00
3.431750504719690120e+00
3.270912680304994602e+00
3.102664838294570515e+00
4.858898776320816904e-01
4.427709265903215119e+00
5.758862452936869047e+00
5.543579333779439899e+00
5.385476506103864303e+00
5.203693045174992982e+00
5.059810833528696428e+00
4.883082831031676285e+00
4.724701415633980162e+00
4.514836702002893887e+00
2.872131931695593110e+00
2.704339521289718107e+00
4.016921819740663757e+00
3.821648051694689574e+00
3.633440168099915546e+00
3.481642185804087131e+00
3.262175738473401587e+00
4.775473840295155092e+00
4.604906915033186721e+00
5.957064216725662220e+00
5.742440419442955246e+00
5.556044020432350017e+00
5.347347687873441835e+00
5.174102855541181434e+00
4.963327866404248390e+00
4.801802626175727617e+00
4.602004992045787723e+00
4.456003094703784306e+00
4.266319155869211954e+00
2.597859597570068679e+00
8.237833657801856280e-01
6.985869267187807541e-01
5.929269139478767769e-01
4.270336068001523433e-01
3.255272755451922850e-01
3.747583104946612953e-01
1.460959299399019473e+00
2.744434290250788333e+00
2.579172344274784923e+00
2.382028497442642667e+00
2.245597545811546247e+00
2.054951384774380330e+00
1.903141818499725302e+00
1.723722538205446630e+00
1.556603173859291589e+00
1.399330317568779458e+00
1.240458121923138757e+00
2.637391180068421104e+00
2.456401777500811789e+00
2.276260002913392366e+00
2.131544832614954199e+00
1.964663243446122642e+00
1.817970475725277035e+00
1.620765005815199888e+00
1.438555714716068801e+00
1.257465981648550057e+00
1.088788526237550514e+00
5.774495680212907267e+00
1.039006130402911943e+01
8.703285818081454295e+00
8.519827415638973278e+00
9.883306621003287162e+00
1.142360292195433047e+01
1.127457468515748573e+01
4.508805705633940342e+00
4.365462091226874897e+00
4.196766061791972646e+00
4.026272750384061183e+00
8.654607032992929661e+00
1.020732380722726873e+01
1.009992758667272383e+01
9.918249466336607867e+00
9.781033946338837382e+00
9.571749184176200131e+00
7.686224152285900502e+00
7.485039085836083572e+00
7.319073737498588805e+00
7.117825417481253858e+00
8.663230426577218424e+00
5.257253193214364018e+00
6.565813988026831360e+00
8.146722582009193303e+00
6.197885449238812683e+00
7.781781650740300371e+00
9.146596784966504856e+00
7.455099545576536535e+00
7.233943446174412983e+00
7.061897443777444217e+00
6.902869601027583180e+00
6.714894943106148872e+00
6.580877705181999993e+00
6.406616583435416956e+00
6.282593443667122912e+00
6.101967781107409117e+00
5.957808345311661924e+00
5.777704780395950479e+00
5.631835848286539381e+00
3.732632229765216803e+00
2.061447404807363881e+00
1.857600334353147531e+00
1.694083459715812534e+00
1.540158876727345083e+00
1.337708482560246326e+00
5.946239981793738139e+00
1.069711891961375727e+01
7.193417684523424782e+00
1.035580792933513905e+01
5.244801932677849443e+00
5.023753816865542454e+00
3.334395067884114550e+00
3.154620844694486781e+00
4.538882897307063402e+00
5.941944931067066449e+00
5.775860102061264989e+00
5.577778208348264322e+00
8.728105653072528725e+00
5.177108469453783002e+00
5.006497240697506790e+00
4.850712448243013952e+00
4.667697148790307615e+00
1.366607105601586492e+00
2.714440079416945206e+00
4.198556962674890869e+00
4.039867829291887702e+00
3.910758923422274158e+00
3.713580312557254626e+00
3.567660864115914432e+00
3.429693369739482911e+00
3.262135302378370127e+00
3.106229273536237123e+00
2.941432945999792992e+00
2.840401657563137672e+00
2.693934435246046810e+00
9.951985045523391582e-01
8.195736157653606968e-01
9.632367184136292337e-01
1.060816802971589867e+00
5.569362314642637424e-01
4.537276761730890673e-01
3.947988952666748319e-01
4.149491509939413625e-01
1.499346885815642905e+00
6.193000713744994279e+00
7.689974974346552195e+00
7.508727765671089571e+00
7.402419111389733075e+00
7.259945114503732810e+00
7.136978983135932708e+00
6.990301240106641778e+00
6.851912785029104391e+00
6.734232537635286953e+00
6.592737477762621978e+00
6.443124042994849532e+00
6.287649884267031197e+00
1.108016868023906909e+01
6.216045449977101178e-01
2.727187785845949897e+00
4.108239706587846207e+00
5.603930567700646570e+00
5.426767621048832702e+00
5.289334733763107366e+00
5.140300394283102925e+00
4.979961531159258215e+00
3.363112601819898129e-01
4.026201456559950209e-01
2.049791614988491606e+00
2.215797326055898964e+00
1.063865271288476189e+00
8.777478368749680460e-01
7.701598709097410289e-01
6.801727880811692106e-01
4.998871444633959937e-01
1.767603837440252068e+00
1.605047221514877664e+00
4.180877222925223902e-01
4.703394466374173355e-01
2.761091925224231414e+00
2.574374332385926945e+00
2.455540919537792188e+00
2.339332868864287818e+00
2.211208164045591840e+00
2.014197441814264078e+00
1.933661987832037799e+00
1.748897006819476241e+00
1.650429829666128168e+00
1.481029716960799547e+00
1.330528404016189326e+00
2.817807183230073065e+00
2.664447991887048062e+00
2.527237913659404089e+00
2.394845645409288792e+00
2.249583880592300744e+00
2.119798954007553249e+00
2.012999022888064538e+00
3.596533039248178465e+00
3.384835824460071585e+00
3.249979468606528421e+00
3.104259315696736188e+00
3.018916294183224380e+00
2.918581781971314459e+00
2.817427907492878525e+00
2.690336301506248251e+00
2.567458407760925265e+00
2.423049010769480649e+00
2.298792852910615636e+00
2.164652085757078126e+00
2.047175756603813124e+00
3.513057441178536688e+00
3.404226917857175128e+00
3.280269284792812101e+00
3.226160250194444856e+00
3.038538610818824814e+00
2.914455218355210153e+00
2.784655880728323041e+00
2.650272899636436197e+00
2.533491736510881331e+00
2.418509699472565000e+00
2.262996956047619967e+00
2.162213505309781070e+00
2.049380707900840815e+00
1.897607940205688237e+00
1.729023091748892016e+00
3.029309195487673190e+00
2.928413059531188800e+00
2.797135558070356520e+00
2.654086046567511570e+00
3.630308522667488713e+00
3.590721848197640842e+00
3.557289947358542204e+00
3.453482096903498277e+00
3.370582142803239201e+00
3.296980851721957873e+00
3.261418128571304642e+00
3.224223498344735539e+00
3.140203121962408694e+00
3.080869413282192770e+00
3.049077422154651718e+00
3.057208724162505220e+00
2.995077316777946308e+00
7.565035442605520188e+00
7.406859392433597478e+00
7.335717918828299489e+00
2.511407388280458619e+00
2.364713099860045187e+00
2.277014505589881832e+00
2.127443080530600383e+00
2.010786452946670355e+00
1.858241357673135141e+00
1.724044370634342016e+00
4.652972881110306602e+00
4.485366728701433381e+00
4.350396641123069230e+00
2.654001085296269657e+00
1.072134329247105722e+00
2.416778236605073626e+00
2.267473816781597762e+00
2.119236755017689156e+00
1.938310448193688140e+00
3.327198682355291037e+00
3.223619567099351269e+00
3.075055094534154154e+00
2.927313484478382577e+00
4.415220198956467890e+00
5.834633305177288953e+00
5.729253106591293943e+00
5.576143247678395198e+00
5.423784179587764598e+00
5.246670942296921325e+00
5.102705284229882565e+00
1.739574200381041269e+00
1.585383388109035785e+00
1.416806162052979268e+00
6.081234568424819464e+00
5.960045134371591224e+00
5.785194292042876718e+00
5.627194620169592376e+00
5.440038649950828642e+00
5.250746866901526921e+00
5.086400868533268671e+00
4.893666984026401323e+00
9.437620996672743345e+00
4.490323366667852589e+00
4.368822049767721261e+00
4.160082007891495515e+00
8.716462095584850189e+00
9.990173009845808139e+00
9.805416477931782282e+00
8.102893436658911597e+00
7.946886425673221233e+00
6.162008401970666682e+00
4.443120868262999679e+00
4.257488371588828535e+00
7.175299506978344510e+00
6.921729810804801986e+00
6.761273535455298855e+00
6.555484267697812228e+00
6.389633334621652061e+00
6.187722334776656119e+00
6.040240971973083184e+00
5.863765805430722011e+00
5.712571348251513470e+00
5.537345008569909410e+00
5.366485672415536534e+00
5.228778490420756597e+00
5.078709627768533075e+00
1.869691256286515557e+00
3.223136222454769939e+00
4.642502677739474670e+00
4.437350496336310179e+00
5.779735103565618815e+00
2.616065525344999365e+00
4.012688290664540247e+00
3.845863168647563501e+00
3.699637526320548098e+00
3.548472072316819936e+00
3.409052739037859325e+00
3.241536476322436577e+00
3.071893807547251054e+00
2.957504565643153338e+00
2.814433358877884928e+00
1.187944221448563598e+00
1.063607280564351498e+00
3.906355562559967076e+00
3.810355640543293898e+00
5.289317844158719417e+00
5.156375939270124498e+00
5.075980099598179862e+00
4.969839558876092411e+00
4.886186487455078442e+00
4.750067273479866792e+00
4.606959103195253924e+00
4.536664011401942531e+00
4.407066290526596930e+00
4.276471900277626581e+00
4.104044508308545502e+00
3.970640358019040583e+00
3.820207612363670346e+00
2.052740223664612618e+00
1.871125586131317853e+00
1.727922172628721720e+00
1.606788605744754683e+00
2.698985491323573527e+01
2.731152853973707906e+01
2.746647536936619716e+01
2.768254539747625032e+01
2.294734427014657285e+01
3.264274831293403167e+01
