7.147778825695465343e+01
1.577289775246182524e+00
1.578819966853121093e+00
1.571908996481351517e+00
1.574694870921724776e+00
1.575425937900092555e+00
1.574399583210657871e+00
1.573214617974450835e+00
1.572264744246898660e+00
1.574340186229022942e+00
1.574227701926227629e+00
1.575283640980063238e+00
1.569149728188562243e+00
1.520319786713561383e+00
1.405431055336162638e+00
1.208328423045379463e+00
1.036226151394542105e+00
8.585015725474735016e-01
6.782969581194043807e-01
5.111439376031321480e-01
3.331264250407180438e-01
1.779334226206580882e-01
0.000000000000000000e+00
1.857382019466775336e-01
1.163385455578181515e+00
2.610914950505328402e+00
2.443250560237259172e+00
2.297381995784435027e+00
2.174869913534043242e+00
2.020586140129120523e+00
1.882396392985286049e+00
1.729669093823686943e+00
1.585638787496074231e+00
1.448475156623240556e+00
2.862101189683142199e-01
4.025404685249844849e-01
5.602683043713736488e-01
7.063044950585962711e-01
3.778419771436897889e+00
2.096198432115764732e+00
6.621080558468758426e+00
1.317200879339922359e+00
1.448567361980015900e+00
1.585638787496074231e+00
1.716871747944397342e+00
1.864960140945446820e+00
2.002344845303194898e+00
2.492530464306938587e+00
3.937553428236032271e+00
3.771962536053208748e+00
3.611098331353375546e+00
3.442505168048590303e+00
3.293582008608344491e+00
3.125884759565249471e+00
6.086667798792960937e+00
5.964273132801994670e+00
4.326259274264799615e+00
4.172961995054809137e+00
8.691829449603603042e-01
7.411845565614264553e-01
5.934628150170974115e-01
4.315922908534347568e-01
2.940001314403331012e-01
1.603401841513637516e-01
4.683339465513879141e+00
4.527119179234742496e+00
2.873609022022608261e+00
2.727523643805722653e+00
2.571121901964572576e+00
2.374244553433469740e+00
2.227087988650919392e+00
2.062529497906662179e+00
1.933919993742095000e+00
1.800881991602371945e+00
1.687228970629764957e+00
3.082591179176899843e+00
2.957438778716409367e+00
2.835649610750354377e+00
2.711170154794310339e+00
2.614360969046253480e+00
2.481551648740948135e+00
2.370411614537633938e+00
6.964089311130764237e+00
5.254919889465285543e+00
3.566026672130818476e+00
3.458023525327135417e+00
3.316380531839637325e+00
3.196259997444113932e+00
3.078343187035312400e+00
2.937894258163137540e+00
2.795794894728005353e+00
2.649292886294284166e+00
2.544959091320617262e+00
2.396375443717646547e+00
3.838033521683674731e+00
3.671447170261717741e+00
8.335232858483374585e+00
5.026925476411315152e+00
3.277062518738371732e+00
1.564579680179907006e+00
1.419172214585364022e+00
1.269402041070976983e+00
5.907106937921908774e+00
2.549225985049826448e+00
5.628265717304581806e+00
5.525866000003844647e+00
3.757767427624967738e+00
5.212828420499731941e+00
5.060343949397964280e+00
3.343999912368401883e+00
1.552749649368537765e+00
3.045945655859356727e+00
2.895832808843676887e+00
2.771508685748523604e+00
2.615236160497348195e+00
2.468351371631148705e+00
2.315908247655884100e+00
2.195432481243120293e+00
6.776504629144139535e+00
3.504934703602344381e+00
8.038018637177181347e+00
4.802511233185584594e+00
3.247756039773026515e+00
3.412515468883634551e+00
1.984641442744059736e+00
2.159268506455436221e+00
2.289005851280679682e+00
2.452618603686087972e+00
2.599072312597699774e+00
1.220503078362063176e+00
1.337285736550253734e+00
1.473474473725504108e+00
0.000000000000000000e+00
1.396725702925974311e+00
1.239090194034263126e+00
1.080000748090569784e+00
9.286817936059817979e-01
7.450731836390518392e-01
6.099408662851253382e-01
4.533563676156437405e-01
1.884830261478551483e+00
1.278457630144208268e-01
0.000000000000000000e+00
1.418191650077609056e+00
1.241520535415051807e+00
2.614462913937465327e+00
2.469509728486248168e+00
2.287149526500732666e+00
2.126042785325268358e+00
1.959861419829934448e+00
1.829572943138702668e+00
1.667808821617208670e+00
1.531124865766899434e+00
2.931853973207910968e+00
2.782164352476191205e+00
2.634207331407790065e+00
2.423926948193624309e+00
2.265939704762097939e+00
2.102328849808221989e+00
1.940879850189434208e+00
1.760203538327556938e+00
1.560717630191955196e+00
1.396329411686390465e+00
1.221043141608064264e+00
2.660581766273990123e+00
2.482508608945695805e+00
2.314433627601833798e+00
3.664619218864221484e+00
5.119949959572173803e+00
4.980266443487660233e+00
4.843436717588229357e+00
9.589389088194570476e+00
1.544711098435534724e-01
3.092207537134180617e-01
3.579098193959868723e+00
3.694414637978796989e+00
3.886189976819161451e+00
4.022323302149523272e+00
4.195998618352601461e+00
3.480967557993875361e-01
4.874746328917351157e+00
1.512179631139713987e+00
1.331073658951819283e+00
1.197821442350162080e+00
1.075705020317196947e+00
9.559045271287159862e-01
8.160261821053383935e-01
6.973538214258864221e-01
5.796848890675331267e-01
4.351470318138575544e-01
3.095634707614046133e-01
1.293824407345080529e-01
0.000000000000000000e+00
1.470881522756768423e-01
2.869875709554325915e-01
4.664873553260167616e-01
6.042523813494785623e-01
7.515144728022662424e-01
9.219862168720818207e-01
5.111638292823080798e-01
5.238486256546886821e+00
1.778709544645470153e+00
1.587104868356141063e+00
3.008290563506880844e+00
1.254916668701413940e+00
1.124247877113915051e+00
9.510130901158933003e-01
7.939566483565906330e-01
6.246308349634946966e-01
4.884051493975295477e-01
2.850111349436716068e+00
3.016293018980727325e+00
3.193963912702292518e+00
1.720848092835614462e+00
1.898417523672843110e+00
6.766841173078478988e+00
6.953831361126884936e+00
7.105669477561360026e+00
2.563001137622321401e+00
1.154031638360514256e+00
1.337176590634993945e+00
1.819504223680526112e+00
1.679069457583865166e+00
1.930484596929079588e-01
1.307318235730699163e+00
1.180691882907680901e+00
1.000080210174250972e+00
8.193400183053520802e-01
6.671422347603481739e-01
2.094758612695266198e+00
1.918390195556956668e+00
1.768104222439924156e+00
1.570587269527747853e+00
1.441226179960048537e+00
2.851959382913460406e+00
2.677680734466664880e+00
2.475398653096925194e+00
2.308416363955881678e+00
2.104338428751484358e+00
1.916192987044389007e+00
1.450630047293283154e-01
0.000000000000000000e+00
2.214196345987695935e-01
1.221643680509747476e+00
4.322999306775537676e+00
4.165700645479139652e+00
3.977995879103727539e+00
5.360069761005375355e+00
5.196512224571707250e+00
9.725290773605204109e+00
6.356820608049753574e+00
9.344111832502909110e+00
9.175498982666377756e+00
8.978140303600175898e+00
5.598426050969136369e+00
5.392927427460145751e+00
3.691421619804376331e+00
4.988061694030908377e+00
6.314306830740143539e+00
7.710220811037549637e+00
7.520483315169717464e+00
7.281299241796970634e+00
7.078990487732479409e+00
6.881379660874807236e+00
5.065111300611385481e+00
4.851239049268178505e+00
3.091907451934131856e+00
2.891619225324621123e+00
4.247722966213324902e+00
2.476640191694115423e+00
2.302846790604418548e+00
2.130948365323451998e+00
1.930829870954640759e+00
3.289302918374673812e+00
4.694330888149148784e+00
4.521331401066211342e+00
4.275537410144042205e+00
4.058718298569010230e+00
3.808602343717240490e+00
3.602480411576648667e+00
3.387075627847749182e+00
3.192199211181378615e+00
3.008846285902925466e+00
2.802909211590725036e+00
2.617616525587952658e+00
2.426674625425673693e+00
2.257437868540815629e+00
2.093663977565838774e+00
1.933812817110227567e+00
1.777622449884894706e+00
1.630676471752991796e+00
1.494148968103327091e+00
1.331835247412021639e+00
1.161569548875872604e+00
1.003020935762737542e+00
8.235266522309362403e-01
6.739117614801539702e-01
5.031987118039349394e-01
3.421614278659849129e-01
1.559965349278986113e-01
0.000000000000000000e+00
2.041839945865540074e-01
3.499457776030012734e-01
5.807893899709819507e-01
7.536820724392006010e-01
5.624253808016214107e-01
1.893000509790600416e+00
1.717360125541908422e+00
6.280270667418696107e+00
4.494882455754955153e+00
4.356953367650134190e+00
4.196639680456554444e+00
4.008300283001238640e+00
3.804346672059364387e+00
3.659006482505430036e+00
3.499747578367749856e+00
1.798181377409494297e-01
4.753830247305615764e+00
6.119657783033391141e+00
5.906421882561606829e+00
5.756461818184825496e+00
5.563169074920676138e+00
5.386526790171075163e+00
5.194913251660488562e+00
9.695417620688605354e+00
6.391059345125178481e+00
4.677180533830102682e+00
1.825307520221564062e-01
1.166760089570106240e+00
9.675188238319744061e-01
2.380953296954820608e+00
5.269124437192552968e+00
1.978201061465267196e+00
1.811647789454075452e+00
1.603122425217901270e+00
4.492311761527798097e+00
4.303019430795139044e+00
4.154191785911602430e+00
3.968103279587883225e+00
3.813289216200115295e+00
3.595719942798722979e+00
3.423117144818253355e+00
3.237692706117387687e+00
3.072200109608560492e+00
2.870674967491403606e+00
2.727087365300837174e+00
2.538431796091631387e+00
2.369411482825254378e+00
2.139924721851662159e+00
1.955879002174623515e+00
1.744957306718254664e+00
1.539562239492477502e+00
1.354263655689032841e+00
1.188544170124065769e+00
9.799938690096307026e-01
7.676871522226768052e-01
5.759929779026840002e-01
3.955631455292235588e-01
2.044610276043460073e-01
1.552990664304642943e+00
1.356098964918276417e+00
1.166504208363291273e+00
9.818746183754556434e-01
3.862449025669050240e+00
4.041995069763635762e+00
4.232590250326164316e+00
4.405624936870194297e+00
1.552990664304642943e+00
1.747232813949491481e+00
4.060503057710990182e-01
5.938466047659026747e-01
8.010150499000541213e-01
5.974182680224571218e-01
1.894668444704766808e+00
1.683893076818511636e+00
1.514241815967400040e+00
1.322054549741881191e+00
1.130966924359425141e+00
9.156352058676571204e-01
2.245161145513246304e+00
2.034128477485058539e+00
1.876130635998038754e+00
1.697441669445709511e+00
1.540553094834202774e+00
1.376565841232094689e+00
1.230645404742338966e+00
1.097854881091282930e+00
9.891644533753701785e-01
8.267926723237473130e-01
7.197897140522864223e-01
2.123228851124751237e+00
2.014363589375733454e+00
1.853645780706714596e+00
1.726016013660376158e+00
1.543880731473179946e+00
1.406742696130225179e+00
1.233340314610259503e+00
1.102606440911392705e+00
9.245944469847313663e-01
7.898442035599601008e-01
6.243323585133792042e-01
4.640177848120196624e-01
2.932438886635587716e-01
1.772668599946300994e+00
1.617059422187661077e+00
1.471869081841060467e+00
1.301399143099990718e+00
1.158502528366149198e+00
4.182633409212277442e+00
4.041066081858023296e+00
3.874299625983701034e+00
3.710352449134138642e+00
3.555732701620002434e+00
3.382793471589229384e+00
1.596490361386943668e+00
1.435018955073748437e+00
3.398380824666625277e-01
5.237462451068657376e-01
8.941140743466031715e-01
2.340917735006450062e+00
2.147064400131139639e+00
1.988946454670522002e+00
1.775858653027070577e+00
1.608938851527888625e+00
1.418753782808898523e+00
1.267541474765548903e+00
1.070220724944040303e+00
7.356332560085592220e-01
9.109995745369466880e-01
3.588627650602696839e+00
1.856211794113018509e+00
1.712933369331456124e+00
1.524377063610258487e+00
1.337332632680907629e+00
1.138860943568841266e+00
9.493455924549594194e-01
7.395730376315696741e-01
5.539901476824699023e-01
3.576816269334848752e-01
1.956733285081641571e-01
0.000000000000000000e+00
1.320625434491568662e+00
1.117482530617072589e+00
6.190821562430438574e-01
2.310248732731652321e+00
2.105607245430949348e+00
1.929748747161172284e+00
1.750460750775927332e+00
1.583996694027256513e+00
1.384939703481438578e+00
1.211295979879766671e+00
1.031258679535261624e+00
8.084901977266666373e-01
6.127018643567675449e-01
4.234749155655231356e-01
1.836495464343877115e+00
1.615276870043866664e+00
2.019246732945138012e-01
1.255744377915010812e+00
2.681804298247675078e+00
2.502512330337948399e+00
2.273028311749015540e+00
2.081258156228720235e+00
1.838257083920915580e+00
1.653224203788019153e+00
1.457273307002404206e+00
1.237547101709878028e+00
1.022820273377832878e+00
8.091216907376010958e-01
6.517257950189329074e-01
4.276189914968768768e-01
1.805500988706902010e+00
1.558277241554785864e+00
1.375650379082799191e+00
1.131777816711806661e+00
9.142522933443244515e-01
6.774327735484861890e-01
4.656218075774735676e-01
2.437830247406665984e-01
1.629567493323907046e+00
1.429758847534431165e+00
1.174398790078278187e+00
9.656875972757521520e-01
7.243355697432221074e-01
4.974240734364055450e-01
2.582635652510393842e-01
0.000000000000000000e+00
2.489390382052745210e-01
1.222880198257519258e+00
9.859699549405057661e-01
7.152248882415394027e-01
4.813692309581668050e-01
2.544724926651161789e-01
0.000000000000000000e+00
2.357796346024128853e-01
4.607374423341837333e-01
2.446784885307742297e+00
2.671674234143144311e+00
1.185315629354253275e+00
1.426679481052852250e+00
1.640095924523144566e+00
1.789303596423946985e+00
1.994373146850634049e+00
2.228036889724055225e+00
2.435490219778889465e+00
2.643244280948551683e+00
1.245154075361030399e+00
1.712486537759937422e-01
0.000000000000000000e+00
1.424775301427491758e+00
1.208038653520154382e+00
1.015420752718125597e+00
2.424865410106651353e+00
2.215630770764649871e+00
1.983389476751888925e+00
1.814766000851563810e+00
1.614894347854786805e+00
1.422106194245640109e+00
1.188968017198160476e+00
1.011481578377490864e+00
8.143065410459614517e-01
2.201537679959753468e+00
2.002019573199262936e+00
3.483236332046818262e+00
3.259985191875427457e+00
3.071805542929100685e+00
2.877879726131344018e+00
9.990053421017484059e-01
8.064805567357432592e-01
5.833513327766216561e-01
2.084035616720121276e+00
1.867393315150825517e+00
1.672473516959929629e+00
1.795466003064456251e+00
2.004353892592384501e+00
3.805926142642066079e+00
4.024404938195903725e+00
6.613324333914146758e-01
1.980028716925065879e+00
1.774403982533591106e+00
1.558142643290271856e+00
3.076529977605751753e+00
2.894737201024845330e+00
2.723302453531318168e+00
2.512759081729661226e+00
2.325380322002780886e+00
2.108268690433058978e+00
1.901033108365433932e+00
1.691535106628516472e+00
1.472250173359958003e+00
1.267890217320785551e+00
5.912282325847145081e+00
8.730844633744413441e-01
2.331274364433970625e+00
3.776942467112829327e+00
3.560138526891098998e+00
3.343172593904404799e+00
3.119120849795697037e+00
2.894519377515052838e+00
2.705605661752209290e+00
2.475557414184998972e+00
2.272967688738344538e+00
2.042916508696296596e+00
1.856517087975324332e+00
1.656985323280271150e+00
1.440976666812305851e+00
1.233103616166733918e+00
1.029543279783770693e+00
8.463636552357590714e-01
6.170435435240552158e-01
1.942646403577970027e+00
3.218487314404238742e+00
1.500722456051443388e+00
2.242200683718484078e-01
4.066772794016000891e-01
6.457300854229848230e-01
8.766244570990456841e-01
1.086033283237512581e+00
1.286555268317269851e+00
0.000000000000000000e+00
1.292189663901441854e+00
2.763093204821986060e+00
2.522443088056497640e+00
2.316641046548996385e+00
2.083724468082152725e+00
3.528385791784455883e+00
3.293963459520549364e+00
3.076012035917015552e+00
4.442299010764360290e+00
9.067485871230108074e+00
5.553846691570091032e+00
1.014833045155498858e+01
6.744130445659764383e+00
1.127511730983521510e+01
8.015819142469212011e+00
1.246344682909855983e+01
7.627812177745221689e+00
5.722628714197848687e+00
2.361092485220414705e+00
2.179686969064211333e+00
3.482750548217210085e+00
3.296097001415904781e+00
3.084850033224624255e+00
2.918201405666760895e+00
2.692676474811698473e+00
2.511453085864909784e+00
3.932423514574102441e+00
3.748175087393527338e+00
3.552005645698045111e+00
3.332988092533162749e+00
3.138563384486473762e+00
2.950803078220907150e+00
2.749982666714024138e+00
2.542886047483640333e+00
2.366957684026697262e+00
2.174059918983521911e+00
1.992264021221338943e+00
1.775311230057859957e+00
1.612603721982807770e+00
1.883362252171787432e-01
3.753571517504901145e-01
6.014448597076698100e-01
7.795742483061904871e-01
1.005171178676066424e+00
1.215947938728283884e+00
1.416685671862287776e+00
1.612603721982807770e+00
1.805063725903389704e+00
2.043441719243457300e+00
1.083494747730973762e+00
8.402156571984260580e-01
5.278159620087870429e+00
1.932432647921625835e+00
3.280065435688558573e+00
3.060914165103582718e+00
2.845351151894653707e+00
2.660847877370182690e+00
2.469283068263226966e+00
2.288580734287033014e+00
2.089186709370965289e+00
3.613113194075128209e-01
1.798161769716064007e-01
0.000000000000000000e+00
1.362508799777704560e+00
2.792849861780071663e+00
2.634105770259179025e+00
2.467829878938712973e+00
2.287038945090392517e+00
6.894947172110050815e+00
3.564500305414147086e+00
1.224492326771298822e+00
1.392353513387118991e+00
1.547102483036875364e+00
1.711151194774960693e+00
2.763993848395240871e+00
2.552389603838994159e+00
2.371871440167149458e+00
2.114017760896337528e+00
1.935469828265265368e+00
6.424170068950925128e+00
3.104686311974693247e+00
7.579853098309841997e+00
4.259647882559478127e+00
6.954155953207226126e-01
8.971327546339366021e-01
2.000245779098541732e+00
1.766354607209195571e+00
1.563848513548879549e+00
1.339299962841938862e+00
1.149140769325858180e+00
9.014133570213896940e-01
6.950910417959474952e-01
4.571976497158140029e-01
1.994017107243101494e-01
0.000000000000000000e+00
1.396246355581372445e+00
1.168473266172035174e+00
9.238881180937930093e-01
6.883790195369244858e-01
3.548294555687319995e+00
4.895002219669639665e+00
4.694655598531815244e+00
4.461663764535887644e+00
4.248087006717831571e+00
3.997785256252933461e+00
3.820416640426585797e+00
3.610749856880848707e+00
3.372945171250091079e+00
1.554097125261933554e+00
1.752082183382500880e+00
1.974725758079299176e+00
2.219506886829251791e+00
2.430623776049443574e+00
2.648920114347736554e+00
2.853680352086283456e+00
0.000000000000000000e+00
2.301103455402453701e-01
4.531272920851674990e-01
6.765571840089393829e-01
8.836581149511932853e-01
1.133866389756901016e+00
1.340867769574216384e+00
1.600625637564521808e+00
1.501618561018248865e+00
1.358302648166751281e+00
1.285494753190286055e+00
2.935456518318214414e+00
2.937734490251044939e+00
2.825060186763901360e+00
2.693325400450109708e+00
4.181194242594769683e+00
4.134040175300831343e+00
4.111011875046863828e+00
4.102465212390695726e+00
4.022331366739456904e+00
3.848140953455779556e+00
3.685107091316107475e+00
3.452399784123028947e+00
3.241676780733357521e+00
3.009282217633149514e+00
2.780271666148483423e+00
2.607310243732826383e+00
2.390437761877605816e+00
2.179965433156191956e+00
1.929995378628791780e+00
3.428337654214228980e+00
3.244323361916382265e+00
3.045438899179888192e+00
1.117376204943040241e+00
8.862809452936271093e-01
6.953566055183518779e-01
1.107440910026716852e+00
2.142855321871553476e-01
0.000000000000000000e+00
2.370470722236978633e-01
4.406985869979313519e-01
6.404218481121085604e-01
4.024646718321183592e+00
2.107082848714588952e+00
1.912370013834876037e+00
1.706119947679347826e+00
1.502417770024695676e+00
1.231681212818658278e+00
9.899518885270398583e-01
7.158273808073812861e-01
3.661275043736348600e+00
3.436943880449119693e+00
3.203966586378023340e+00
2.969148903977383291e+00
2.695950810184223112e+00
2.467397273582001560e+00
7.025761072472228363e+00
3.536036423103102955e+00
1.762669524258956733e+00
1.521265292396071001e+00
1.271924842889488039e+00
1.008711438596842758e+00
7.725702641498621848e-01
5.444451533815523048e-01
1.819999161188250225e+00
3.239602530952235604e+00
3.000404600728003413e+00
1.077458854070826533e+00
8.362367639714977097e-01
6.251414458278844455e-01
4.275860177620907643e-01
2.086270272044794261e-01
0.000000000000000000e+00
1.401417055229270847e+00
1.169667258945331412e+00
9.015433100271051936e-01
6.743655202277858418e-01
4.450371042613597838e-01
1.968712791217508418e-01
0.000000000000000000e+00
2.623056695334092803e-01
4.793103560172833344e-01
7.244041192082445457e-01
6.595214781298570639e-01
4.820716198666410435e-01
2.346711434877733760e-01
1.571731362302069890e+00
1.820183327375829663e+00
2.035946561488200857e+00
2.281176959905509172e+00
2.515432626307715580e+00
2.087262051598746559e+00
3.510448518950607166e+00
1.619383279635682626e+00
1.373937612137638542e+00
6.090650962639531762e+00
8.692468780264153594e+00
8.920228948165716432e+00
4.424378574987229307e+00
7.882963569960534933e+00
3.274591616754056300e+00
6.768002446525438032e+00
2.122164671058071495e+00
5.587425166340322491e+00
9.716207454471962324e-01
4.685932973155372827e-01
2.082481761459361314e-01
0.000000000000000000e+00
4.539511196464660614e+00
5.901814208068341117e+00
9.004566269270966927e+00
5.030264322455509918e-01
5.162659201910204665e+00
4.902722070078529448e+00
4.696402470278781216e+00
4.446598420373884863e+00
4.206879776837141982e+00
3.958067782297115311e+00
3.704737940770398197e+00
3.433832805023581347e+00
3.162200759672597172e+00
7.797429039593222200e+00
2.655470182944025925e+00
2.398738407777516013e+00
3.825686454426892702e+00
5.200892221582014585e+00
4.969399768246670845e+00
4.661501494338861740e+00
1.050357263098641747e+00
7.797076102367246353e-01
5.117481817010151035e-01
2.622213748964857261e-01
0.000000000000000000e+00
2.246329929976417505e-01
4.676301039816465610e-01
7.301303947209776268e-01
9.794106113610957509e-01
1.234822645785758954e+00
3.431305504232749382e+00
3.162746754427577578e+00
2.920110883388075340e+00
7.670207766355757961e+00
2.464955399623334209e+00
2.221259132611225873e+00
4.610989098469586156e-01
1.390721518865773332e+00
1.635412932813961495e+00
1.862916905190813210e+00
2.084499116723795176e+00
2.229051465708425717e+00
2.444166813336341448e+00
2.638284976264268611e+00
2.768848432910652413e+00
2.962136658825653690e+00
3.162746754427577578e+00
3.363242998333293432e+00
3.553717526194929643e+00
3.762604726670635724e+00
3.959266863806145231e+00
7.021083349517699412e-01
3.844591957244946734e+00
3.702165910131884896e+00
3.532807588303909174e+00
3.349002426320124570e+00
3.186253152635812658e+00
3.014010573277712268e+00
2.867966067955358689e+00
2.701901944252515175e+00
2.526775076201280612e+00
2.361503939254371520e+00
2.189458737762112861e+00
2.033211916561127097e+00
1.890304221109963656e+00
1.714299906523427230e+00
1.568401147964746167e+00
4.833803713409591474e+00
3.794870323389642142e+00
9.905344972540428561e-01
8.173870248330283861e-01
6.546563801787297354e-01
4.429585289211463439e-01
1.830202621054099588e+00
1.587713973271047241e+00
1.389027717653579463e+00
1.183459756681747077e+00
5.919282849774423205e-01
2.501914143518431555e+00
9.933815927542053448e-01
3.836934930030342916e-01
1.933275277868768960e-01
0.000000000000000000e+00
2.072952346498588838e-01
4.266069412502699443e+00
2.732861683540162900e+00
2.709210761118995947e+00
2.692299967498224866e+00
2.647800200144745819e+00
2.565987980207382613e+00
2.502752354373616761e+00
2.428437607178153712e+00
2.367899567607512523e+00
2.321652965367702937e+00
2.322634254746360316e+00
2.313366548101470688e+00
2.172598773714418119e+00
2.016488956148164924e+00
1.853877553972751446e+00
1.696427141091967572e+00
1.540451052095141993e+00
1.339522197859437602e+00
1.129620490344765082e+00
9.476070032175719637e-01
7.502083076292032082e-01
5.649518220117630829e-01
3.356663324444990049e-01
1.676753750180178137e+00
1.502849125552996989e+00
1.332262821784264251e+00
1.120059274428044649e+00
9.487534875101357734e-01
2.287515457250019590e+00
2.121734783681896275e+00
1.905905903913546418e+00
1.750559599225887553e+00
0.000000000000000000e+00
1.923902165078111848e-01
4.062043017841123760e-01
5.883843049840348227e-01
7.970926437364749262e-01
9.925494870021565053e-01
1.164019603565625838e+00
1.369904627107408901e+00
1.555569810271728581e+00
1.795599592713079895e+00
1.994547602093893701e+00
6.668987804758724769e-01
8.539761132097599683e-01
1.094069077689300951e+00
2.826934259895555357e+00
3.045211433978558091e+00
3.235743958557625088e+00
1.870020781581862579e+00
2.053121161988860521e+00
2.271936349988503245e+00
2.445223087565027154e+00
2.270734597819736411e+00
2.100362044210816848e+00
1.911893765378261500e+00
1.675113619321529246e+00
1.999737623081769833e-01
4.449472986417757348e+00
4.248352777956304394e+00
4.079668736678952357e+00
3.952986035077603599e+00
3.790188983592483130e+00
3.583072110486968498e+00
3.379763444963385766e+00
3.191515725752761767e+00
2.964026175840718480e+00
2.766019295795882016e+00
2.546649994174153164e+00
2.387277581160615725e+00
2.150192706707112933e+00
1.958530971117268482e+00
1.744115467477278969e+00
0.000000000000000000e+00
1.915610592371604082e-01
3.879415641080266597e-01
5.451579246732166650e-01
8.597239068734022771e-01
6.825264066018625897e-01
4.949250870318767093e-01
1.903696465563866180e+00
1.717566075399544978e+00
1.556097080609940786e+00
1.348401261325057998e+00
1.181311495335641393e+00
9.568712664261143086e-01
7.777906477597611445e-01
2.077530703466113238e+00
1.931358616128767913e+00
1.710325860909853057e+00
1.505230335031641165e+00
1.741654642279568010e+00
1.969160166814920787e+00
2.176186778054720161e+00
3.963659435914836049e+00
2.606178606521181162e+00
1.285417430526539784e+00
1.505230335031641165e+00
2.198871180132534187e-01
4.419770194555506237e-01
6.667958605393282667e-01
9.327525174313546774e-01
1.139343357774055265e+00
1.389751550361175481e+00
1.599371778191283511e+00
1.799719942379415683e+00
1.977733980906951849e+00
2.188773246546567020e+00
2.400442879515030992e+00
2.330061068221576548e+00
2.783313318258080926e+00
2.994052840439890950e+00
3.217966134495134245e+00
3.423397575900874568e+00
3.638499278602890019e+00
3.846648720621615336e+00
2.492993387213384704e+00
2.696159673538538470e+00
2.925004110851527894e+00
3.101542459830605836e+00
3.309702651048705313e+00
1.476564251113284376e+00
2.094139324441408601e+00
2.618105977942664975e+00
5.617133538594952569e+00
5.456057169782129179e+00
5.213462026723355791e+00
5.030060301316383153e+00
4.780348033968603083e+00
4.596810619348383753e+00
4.346601818550001717e+00
4.108644656472528744e+00
3.931587671064030065e+00
3.751431590580916797e+00
3.585314373264017362e+00
3.388866660019878019e+00
3.207055125369939308e+00
3.010691445298147251e+00
2.810360343331574917e+00
2.589687219592271550e+00
2.400857156031139361e+00
2.174717190536106681e+00
3.585912563292895872e+00
3.388140589564399008e+00
4.730638175174505022e+00
4.521254868980679298e+00
4.303492198725582085e+00
4.107083094305006732e+00
3.915747444985806069e+00
3.723943303114384040e+00
3.507380279886137764e+00
3.334123353252955724e+00
4.748014069017128413e+00
4.559995115541432220e+00
9.035180488451056036e+00
4.195188269336684428e+00
4.035087914390208752e+00
2.299643553229941961e+00
2.141293318832372172e+00
2.014309526642486414e+00
1.833872478501042957e+00
3.289484815544832852e+00
3.133533243150514735e+00
3.024102650392439084e+00
2.869230944021201157e+00
2.708299192980794690e+00
2.565013868036840616e+00
2.430209471119027409e+00
2.253592383464669613e+00
2.074721676268074688e+00
1.906953947567783247e+00
3.274112995860794850e+00
3.103981299340253130e+00
2.971777333044630875e+00
4.410459467983770310e+00
2.709955146894590605e+00
2.548927572880507419e+00
2.402344715899715766e+00
2.244820944316761491e+00
2.119065294165998647e+00
1.954721486774084527e+00
3.147952416820898325e-01
4.829839639457482292e+00
6.317386265750075225e+00
6.142229780476561096e+00
6.008826717799452766e+00
9.057423085477852354e+00
8.915212966377454862e+00
2.311730293189940610e+00
2.176283552089024464e+00
2.019533728436396558e+00
1.878352045144948912e+00
1.717207155272052477e+00
1.582503073921601278e+00
1.417942518100801630e+00
1.302437420029879611e+00
1.131519748225544797e+00
1.004116165954720197e+00
2.442104475617514758e+00
2.303534888774992684e+00
2.184670632093192122e+00
2.084402828415955256e+00
1.953484389440325986e+00
1.835653721726723919e+00
1.752041068571155380e+00
1.599824849305968355e+00
3.127106901601534261e+00
4.604725390047980760e+00
4.506661838327043590e+00
4.379324442812932539e+00
4.236896508480157308e+00
4.126243921086834021e+00
3.963606498553876367e+00
3.857491103078430683e+00
2.072007296978367386e+00
1.943615298690108961e+00
1.784265576728608416e+00
1.634872507041395640e+00
1.478327690052761767e+00
1.327275759525271326e+00
2.803464343971435291e+00
4.201517998919399588e+00
4.055780000100932980e+00
3.871160377805922259e+00
3.729724518775689557e+00
3.528719753756554223e+00
3.395312660457937781e+00
3.213952852242141667e+00
3.080928119493452577e+00
2.899068706178752564e+00
2.739937870095646488e+00
2.577833926720904945e+00
2.409605839413579531e+00
2.246656333731890776e+00
2.073206130015074145e+00
1.934206427896455471e+00
1.747843114962231104e+00
1.587688618077424341e+00
1.394207098401828437e+00
1.268951348799591594e+00
1.062525118366405730e+00
9.143608615458416189e-01
7.052162187021715489e-01
5.528977515156818789e-01
3.543305361307246826e-01
1.934519933510095713e-01
0.000000000000000000e+00
1.253224471785178706e-01
3.123513253955065849e-01
4.671498612616141743e-01
6.645129557112895435e-01
7.942339570548616612e-01
9.637316627473636599e-01
1.090434452618329164e+00
1.252567939845111278e+00
