7.147083728260949442e+01
1.579545050120986227e+00
1.579545050120986227e+00
1.579545050120986227e+00
1.579545050120986227e+00
1.579545050120986227e+00
1.579545050120986227e+00
1.579545050120986227e+00
1.579545050120986227e+00
1.579545050120986227e+00
1.579545050120986227e+00
3.099445401142804535e+00
1.579545050120986227e+00
1.579545050120986227e+00
1.579545050120986227e+00
1.579545050120986227e+00
1.579545050120986227e+00
1.579545050120986227e+00
1.579545050120986227e+00
1.579545050120986227e+00
1.579545050120986227e+00
1.579545050120986227e+00
1.579545050120986227e+00
1.579545050120986227e+00
1.579545050120986227e+00
1.579545050120986227e+00
1.579545050120986227e+00
1.579545050120986227e+00
1.579545050120986227e+00
1.579545050120986227e+00
1.579545050120986227e+00
1.579545050120986227e+00
1.579545050120986227e+00
1.579545050120986227e+00
1.579545050120986227e+00
1.579545050120986227e+00
1.579545050120986227e+00
1.579545050120986227e+00
1.579545050120986227e+00
1.579545050120986227e+00
1.579545050120986227e+00
1.579545050120986227e+00
1.579545050120986227e+00
1.579545050120986227e+00
1.581878440329958835e+00
1.584381508809573180e+00
1.580854388803471622e+00
1.579900045153632915e+00
1.576685585019783620e+00
1.576787357154300073e+00
1.578658384152428651e+00
1.578658384152428651e+00
1.578658384152428651e+00
1.578658384152428651e+00
1.578658384152428651e+00
1.578658384152428651e+00
1.578658384152428651e+00
1.579545050120986227e+00
1.579545050120986227e+00
1.579545050120986227e+00
1.579545050120986227e+00
1.579545050120986227e+00
1.579545050120986227e+00
1.579545050120986227e+00
1.582776039201946761e+00
1.583613356928992077e+00
1.582542881111648647e+00
1.580005843324107540e+00
1.578643444760039261e+00
1.580257101700453637e+00
1.580701090926133201e+00
1.579902755109179768e+00
1.582045359307149290e+00
1.581746121756110623e+00
1.580664042513277190e+00
1.580864317695230170e+00
1.577198939556028190e+00
1.576333355286707594e+00
1.574719218397428788e+00
1.574906426793988734e+00
1.573457508899169577e+00
1.582173549464358286e+00
1.486303996198085953e+00
1.379571510110743526e+00
1.207073584834347679e+00
2.501339528305792648e+00
2.273523870681135595e+00
2.051176531417773230e+00
1.811525678012345875e+00
1.592116418045036452e+00
1.283160194603414794e+00
8.663896660205955280e-01
4.989743773941439087e-01
1.243501909575632364e-01
2.711376408432228935e-01
6.869065044836043521e-01
1.106044717881929040e+00
1.508157777781710118e+00
3.523615143803862648e-01
2.371863345704333881e+00
1.867271443184138846e+00
1.476023009843415723e+00
3.893391147979880507e-01
7.518957500813050476e-01
4.338872698451717302e-01
1.711769757276917214e-01
1.534564747483830871e+00
1.383077120823953177e+00
1.156968862715370250e+00
9.723331865933969587e-01
7.712643793026946470e-01
5.978953004436800001e-01
3.766423289091351267e-01
1.820591912050977257e+00
1.704004058400425015e+00
1.565831617187093627e+00
1.431683620813530400e+00
1.299109306998454283e+00
1.148473395444269407e+00
9.621166852402349701e-01
7.992821607784686977e-01
2.114133066132457550e+00
1.974774221891529846e+00
1.754506989450007604e+00
3.118585215321640902e+00
2.905220321229980307e+00
2.701147310292876469e+00
2.475213902733182536e+00
2.274153433789466661e+00
2.182138333188174961e+00
2.163425328239441559e+00
2.147666666173851713e+00
2.116747824218634388e+00
1.971274146022330198e+00
1.740081140899152778e+00
1.514691369630624340e+00
1.286423389294168107e+00
5.783665963780279640e+00
2.305541430394317803e+00
2.068294453370646213e+00
1.759092900965094630e+00
1.460104043795348971e+00
1.153590633491327955e+00
8.597970137345845032e-01
5.942429911332289816e-01
3.624791424475997670e-01
1.370523798276019056e-01
3.109089204051631583e-01
5.449038980217979500e-01
7.739439999842333551e-01
1.031736489711305049e+00
1.252094903701724604e+00
3.094735568378673474e+00
3.381839941521415316e+00
1.156924116723508478e+00
2.390874270489280473e+00
2.137940884275714382e+00
6.553801335785414572e+00
7.777374977265370859e+00
5.963410059689969067e+00
2.540244028666376774e+00
2.223572162932012208e+00
1.922170164517568391e+00
1.643307717977833704e+00
1.359689911876698298e+00
1.094551480579731839e+00
7.709578310495794895e-01
2.023666126823578715e+00
1.722001037908633680e+00
1.416448602189036787e+00
1.096304411336983531e+00
8.069495504342336645e-01
5.133968621505385910e-01
2.505864114288339217e-01
2.158607219587567738e-01
4.303499648461764693e+00
2.399375233455168566e+00
2.096955007330367327e+00
1.793385133595662095e+00
6.246873777141607853e+00
5.936998109824510372e+00
5.632486581586007901e+00
1.014259819022333531e+01
6.637267198204332530e+00
1.114296892170243858e+01
7.600218624962803204e+00
7.674533861702046433e-01
1.090541079714434813e+00
3.476809207605678909e-01
2.783794553438869168e-01
4.902140262242802304e-01
2.345847355084182961e+00
1.014595555358012380e+00
1.288818498408821345e+00
1.563654526936252287e+00
3.331989083131656204e-01
2.776240435780489513e+00
8.581523218542259634e-01
6.029531054702585990e-01
3.996939967147312145e-01
1.672344848209175616e+00
4.577469498677232962e-01
7.324256787082962239e-01
7.643691507311419775e-01
5.061445893289644449e-01
1.752903016299335759e+00
1.469521510692635369e+00
1.178928623892770533e+00
8.597820698729438105e-01
5.673093427792698096e-01
3.247033323551618555e-01
2.709965047951530259e-01
4.553511619532968346e-01
6.983664840952205077e-01
7.083146718469296443e-01
5.174042797195454568e+00
1.606526091402525447e+00
1.276056067308750430e+00
5.672316745155784545e+00
2.254669511820071026e+00
3.951090121244362208e-01
3.041154780521991285e-01
4.434368949874535559e+00
4.144031442800123699e+00
3.808782233534225181e+00
8.210473974840263978e+00
4.735196701488778359e+00
9.116514827959610656e+00
5.719895326826734738e+00
1.010562918799217691e+01
1.204800267276289638e+00
3.142490343683025378e-01
1.778481552908375951e+00
2.616112501045353422e+00
4.013615172017240162e+00
5.174753829161240493e-01
1.666723896483655487e+00
4.512867338666405104e+00
2.708726356389325129e+00
5.585741668890400469e+00
5.877271326611515079e+00
6.183101342155530311e+00
6.482487250459354478e+00
2.083041073464072301e+00
2.406056650926909235e+00
2.659814984012142336e+00
1.773340889995667524e+00
7.709806971665532416e+00
2.678320738638622078e+00
5.492883539997409414e+00
5.235140340376033485e+00
3.397659011230508952e+00
3.084517994141875441e+00
7.456536198065395915e+00
3.991167724856204746e+00
8.331132982333551595e+00
4.979812403775119911e+00
2.723686386013077221e-01
5.144980749668442987e-01
7.700118163690827799e-01
1.069096427139277550e+00
1.379890810395937084e+00
1.679403538289794717e+00
1.965395500023061848e+00
2.283201122763430124e+00
2.208327851971117806e+00
6.483228816891860369e+00
1.562860883341228968e+00
5.887985801382702000e+00
9.628924200443542691e-01
7.081649713460896889e-01
4.328076116763549530e-01
3.066229636952099158e-01
4.704414695872123353e-01
3.991455103993128972e+00
3.656754956124027345e+00
3.596416246888781698e-01
1.487078270709338845e+00
2.721222179209501935e+00
2.390092855986088782e+00
2.057832157519827287e+00
1.370089439142814225e+00
1.691171599894424116e+00
1.980965646995239249e+00
2.311292134193357217e+00
2.638162193828886171e+00
3.428820340026894065e-01
3.632376767090984560e-01
6.086174228925179674e-01
8.860408250067962621e-01
5.348180382833387370e-01
1.671668854331238352e+00
1.367932564074362034e+00
1.063133817079058296e+00
7.655078179779529757e-01
4.787003001915973166e-01
1.709670896564951859e+00
1.450638224853925795e+00
2.718464395982429060e+00
2.501254226195310348e+00
2.281579638404749755e+00
2.063992383163031352e+00
1.816601851192388040e+00
1.506176918094539463e+00
1.175325900023008519e+00
8.966768376471250246e-01
2.126890151359131842e+00
1.770881675809843125e+00
1.397900900377787581e+00
2.638450031549758101e+00
2.319036102874016958e+00
3.569864290326999257e+00
1.682174324783640262e+00
1.316569834513226178e+00
9.847709589604503044e-01
7.120978514808170567e-01
4.726108546465659921e-01
4.337748479144481473e-01
5.947363285777375053e-01
8.538666592679023948e-01
2.713383310456603859e+00
1.767894807617747199e+00
1.419848505541070560e+00
1.101674902384619292e+00
7.838470952201574971e-01
1.935688491009187828e+00
1.617757376201498953e+00
1.275817814286631657e+00
9.683471034120639809e-01
6.947475082283148806e-01
1.869897540836414684e+00
1.546921207876322590e+00
1.222034375923992222e+00
8.865769976352430026e-01
2.119745292701645134e+00
1.817872335376510051e+00
1.478686752579174701e+00
1.153345467397400403e+00
8.903029164836187004e-01
2.117552541799628152e+00
1.772360850950697619e+00
1.438811595861861470e+00
1.099985235159312014e+00
8.052942213365716917e-01
5.200791218997299348e-01
3.331477979482480034e-01
1.340131836098403806e+00
9.886803156131805936e-01
6.468728924991564710e-01
4.152204406962268779e-01
4.334524847913618362e-01
1.147034046778756977e+00
2.514776179400564082e+00
5.597184252298399443e-01
4.314976425246640490e-01
1.473069559522898198e+00
1.139902963514614953e+00
7.910220756653990604e-01
5.253897124875518410e-01
4.029638102465786242e-01
5.650511039019829873e-01
8.513634715451009471e-01
1.144642927915042963e+00
1.466152036106172840e+00
1.831497615315144101e+00
2.191734325965797314e+00
2.514832808800572916e+00
1.279939081646616517e+00
1.656364622048406288e+00
1.979025696157072911e+00
2.331725145137533595e+00
7.022963200684606555e-01
4.390839935629899382e-01
4.283196756954316120e-01
6.827969758157025337e-01
9.680413571916647308e-01
4.903410844623490306e-01
1.623914332841808417e+00
1.246769852489872044e+00
9.063258401976446166e-01
5.694216396802219693e-01
3.549247871357370521e-01
4.135919581175312998e-01
2.664809931924825737e+00
8.061842816713633564e-01
5.038595111710975072e-01
2.875433628938159902e-01
1.275420639465194572e+00
9.641818040387478694e-01
2.294195819569783357e+00
1.956572091671234803e+00
1.662457243969825083e+00
4.625589793607085554e+00
5.786192976462196214e+00
5.463717819189017000e+00
5.144676636140395054e+00
4.774786377405033200e+00
4.420373061430429296e+00
4.050637917985657310e+00
3.711624568279879188e+00
1.870627253292390213e+00
1.523218452867908246e+00
1.167206512379264316e+00
2.283676062296223108e+00
1.903076054033591369e+00
1.560199446356470121e+00
5.983878221869898262e+00
7.948189577347808399e-01
4.490038634696569830e-01
2.277036295434695934e-01
3.948000607139279805e-01
7.390698849917630708e-01
1.072228389723075548e+00
1.411534484160375857e+00
3.068457269549532018e+00
4.292346690305260282e+00
4.007739219526512464e+00
3.686911626205750192e+00
3.368253751827339659e+00
3.032103475811461557e+00
2.676202855999711527e+00
2.369401650405609239e+00
2.035869283988553935e+00
1.704313319501078228e+00
1.347314131992232600e+00
1.024198853876509219e+00
2.215487859395809611e+00
1.868247718881771435e+00
1.535566323814847589e+00
1.180321171235904520e+00
8.236663875440412008e-01
4.746497250777393928e-01
1.797954048031671914e-01
2.872731691493383699e-01
5.699141070429215583e-01
9.134570411622093822e-01
1.240499098332106920e+00
1.768050947718001198e-01
4.410624622837683084e+00
7.161171342088065828e+00
6.833174508865902830e+00
4.934522052472474662e+00
4.598745176616133357e+00
4.248304344538992972e+00
3.895543849001691150e+00
3.528141521799055269e+00
3.174137553219193997e+00
1.257714145379300819e+00
8.795997964564753469e-01
5.358890225526627971e-01
1.765793649057208814e+00
1.428059849049341024e+00
1.059197474304333975e+00
7.172079733493784692e-01
1.917720177629958167e+00
3.097119374811264425e+00
2.695773993130115009e+00
2.338017817394639319e+00
1.961886391516877826e+00
1.596387967333224633e+00
1.197355558423355726e+00
8.501031050669807243e-01
4.822078010228890155e-01
1.560075722203617121e-01
4.419337271580508819e+00
5.651164020333824034e+00
5.298925646351458241e+00
4.928384561976280942e+00
4.545696723468303446e+00
4.201443591983461623e+00
3.863842276939576603e+00
3.506011403207324406e+00
3.176345318233920967e+00
6.045414510517336915e+00
3.760102087404593618e+00
3.443323496851890653e+00
1.292689036836605521e+00
1.654533416105185006e+00
2.006487136134021299e+00
2.277091232970151147e+00
3.406209178797641179e+00
3.272206741336884050e+00
3.163327794372456481e+00
3.089984468372743542e+00
3.036247582846945292e+00
3.000763160579155375e+00
2.960824538505303583e+00
2.857756389210544867e+00
4.282477867579086883e+00
2.623683476053043417e+00
2.419400685900695347e+00
2.166059592579240967e+00
1.853923938427749052e+00
1.530458772597780515e+00
1.219483277255784648e+00
9.117134887325196724e-01
5.523838252136853422e-01
2.601740456086784614e-01
2.024938380060648802e-01
4.496903663450940170e-01
7.555843427613117003e-01
5.402138512874301579e-01
2.011871499023906162e-01
1.901314756233738190e-01
4.771401553220194769e-01
2.371314295580039921e+00
2.708571306195152850e+00
3.077450757754496280e+00
3.443235002287900137e+00
2.220986325863262945e+00
9.252619546723860333e-01
1.286110376955606371e+00
1.726191809293159130e-01
5.088090415726400639e-01
8.522917049815739166e-01
2.719547297377098438e+00
3.053931814204819517e+00
5.101880526276967309e+00
5.465998742693799706e+00
5.838657462584555091e+00
6.189391452421491024e+00
6.547597506415445245e+00
6.923320160869316453e+00
7.260485254567149660e+00
7.590621275916435096e+00
7.931257665688345782e+00
8.272691208788540251e+00
8.601775421669678678e+00
8.935852066603681365e+00
4.427925457969344336e+00
1.362056139888421780e-01
5.074012869659831892e+00
9.170770786174617939e-01
4.276977368224819109e+00
1.891826667779120008e+00
3.376147609889784462e+00
2.785919035170868252e+00
7.352905764392951404e+00
6.981236402655675910e+00
6.605725754859560261e+00
7.805346140857631454e+00
7.459185457063548519e+00
7.093950528230306141e+00
6.741187879446173703e+00
6.394894470572223710e+00
6.034828328815195597e+00
5.691003323180751750e+00
5.369480008463164644e+00
5.024607312809330928e+00
3.126884120314618265e+00
2.778560060198557835e+00
2.425143340854226448e+00
2.053975141553984862e+00
1.689324161591926998e+00
1.338806135409070341e+00
9.687008961792488160e-01
5.660299222654728846e-01
2.145748344619260173e-01
1.520836449512139033e-01
1.025945790678643332e+00
6.585963006944389742e-01
2.930909594500621385e-01
9.377036938668786847e-02
4.436866919230068040e-01
8.114785526903682822e-01
1.185653606437458985e+00
1.546285627353980674e+00
1.912203998933817539e+00
2.719067683438154859e+00
5.495920096416380574e+00
5.127322663811648695e+00
4.780619327169030264e+00
4.437579395401472837e+00
2.447888074185585072e+00
2.087643111578380672e+00
1.681860911667523384e+00
1.339646486461079977e+00
1.004143407760005768e+00
2.299464967091543244e+00
1.941135168786568554e+00
1.615151777333676764e+00
1.257424796976604364e+00
2.536915362621475101e+00
2.145213220682307131e+00
3.494902253553241245e+00
3.154238516973637552e+00
2.781201337480105007e+00
2.405166284352467709e+00
2.050718064793689344e+00
1.686981367886029481e+00
1.294930001776234407e+00
9.327995596040188353e-01
2.156022170764702039e+00
1.804687421706496986e+00
2.778966474802725628e+00
1.113437906513453202e+00
7.928879895916115528e-01
1.922813870455613694e+00
1.690317072332561787e+00
2.873359986345639161e+00
2.788452498331859264e+00
2.712865775112554001e+00
2.659859721444602254e+00
2.567084427326246754e+00
2.445472731125339028e+00
2.364848707977164732e+00
2.302286720156090372e+00
2.222799841843765556e+00
2.027787280677475490e+00
1.768641723418418854e+00
1.497412408308559151e+00
1.175918314207197612e+00
8.890914055966636642e-01
5.827921429115276997e-01
2.504015928747803099e-01
1.402055321760313777e+00
1.050314885149265187e+00
7.184700777534996918e-01
3.330609730636338583e-01
5.121945804572915900e-02
1.178463061030677661e+00
8.310288995646832877e-01
4.704010688085915604e-01
1.246337202131745231e-01
4.667641277839290836e+00
1.096461184872898675e+00
3.991536869210199789e+00
3.648923079542655490e+00
3.374666080676806068e+00
3.133656434230846610e+00
2.882796681082840262e+00
2.558463994644716966e+00
2.254144902581342702e+00
1.954278859869613250e+00
3.728810003904432790e-02
3.907095245896306523e-01
9.524504284409974764e-01
6.601427603652118004e-01
3.506663986400843647e-01
1.745163013188650192e+00
3.013932057851422375e+00
2.758112437509204096e+00
2.496482163783307229e+00
3.789737668665162040e+00
3.491211644183234597e+00
3.225877029823213338e+00
2.945431841904047499e+00
2.659726299530899674e+00
3.914527968348527676e+00
3.652514895422532604e+00
8.270720001336137273e+00
3.057588949083766217e+00
2.756309550098989369e+00
2.431071796845955202e+00
2.138456325917928780e+00
1.864630889109911038e+00
1.521701528218701416e+00
1.211716032108023366e+00
9.184891866469860888e-01
6.401250229650625734e-01
3.311169571050512350e-01
3.908387592221738982e-02
2.630832332438267085e-01
5.644583011461183908e-01
4.045718846377654110e+00
4.547088373119049787e-01
5.115687049357948268e+00
1.474204963506341226e+00
2.034443793987561033e+00
2.335177802931509561e+00
2.639147067034285143e+00
2.916593388379433716e+00
1.683515475375142012e+00
3.033331674842320691e+00
2.756619609859963571e+00
2.443217747111088745e+00
2.156375955452004334e+00
1.875062098372295871e+00
6.320264237300522225e+00
5.337097950298549165e+00
5.635936710214719092e+00
5.956273936197884034e+00
6.265072214526037797e+00
6.559482247518132247e+00
6.890027018495178623e+00
7.230814500360853714e+00
7.557084822601666474e+00
7.877864911921466984e+00
8.223869249463561459e+00
8.540686934973830802e+00
8.883437300440236939e+00
9.196420876374459041e+00
9.504336399957972858e+00
9.806023277658139747e+00
1.013528654461482859e+01
1.046187667308048397e+01
1.078653955118300978e+01
1.105900887236625962e+01
1.136507040279512104e+01
1.167484019219294034e+01
7.094461495081946012e+00
4.214553535435929810e+00
4.512787191141821808e+00
3.713342817001902274e-02
1.229634403382455554e+00
8.922078131149516755e-01
5.856834031551809705e-01
2.713688055822375822e-01
6.760361180918172952e-02
3.749197777816374311e-01
7.356018312374550394e-01
1.072893171448164207e+00
3.294709665534762966e+00
2.957427499850474373e+00
4.207793525246305677e+00
3.900179969949649106e+00
3.565044286387394568e+00
3.224471977449686833e+00
4.538898588939071388e+00
4.198057805033303502e+00
3.866034153719300814e+00
5.908246739420317084e+00
4.589540649949070544e-02
2.889767933007949097e+00
2.553483856359318516e+00
2.214591621600904947e+00
2.557524279971707948e-01
1.151150591438146326e-01
4.523402515048675077e-01
7.849378710916146140e-01
1.127733158026981819e+00
1.482945556759436068e+00
1.801157113604274995e+00
2.140347221888145413e+00
2.459013288879915660e+00
2.783623168419807392e+00
3.137757512770364077e+00
1.847786424876056932e+00
2.158791005589486556e+00
2.514964681681163938e+00
2.810531179891434306e+00
3.094369619946625960e+00
3.393039750122709197e+00
2.072686098997422732e+00
7.408528240012515198e-01
9.975690523951008526e-01
