7.147083728260949442e+01
1.579545050120986227e+00
1.579545050120986227e+00
1.579545050120986227e+00
1.579545050120986227e+00
1.579545050120986227e+00
1.579545050120986227e+00
1.579545050120986227e+00
1.579545050120986227e+00
1.579545050120986227e+00
1.579545050120986227e+00
1.579545050120986227e+00
1.579545050120986227e+00
1.579545050120986227e+00
1.579545050120986227e+00
1.579545050120986227e+00
1.579545050120986227e+00
1.579545050120986227e+00
1.579545050120986227e+00
1.579545050120986227e+00
1.579545050120986227e+00
1.580680902444259628e+00
1.583936071917594779e+00
1.586293043004022518e+00
1.584451552759927884e+00
1.587806230685430142e+00
1.585228757574678626e+00
1.586675435964945535e+00
1.584159593641568442e+00
1.585703655566054415e+00
1.581555610041664561e+00
1.578733770285402294e+00
1.565382959273149632e+00
1.536782478254937523e+00
2.962368724815692911e+00
2.801790085352533044e+00
2.626726405422858512e+00
2.480543689381285333e+00
2.415478102207492928e+00
2.332693913980250944e+00
2.193946112796889558e+00
2.062781906168593249e+00
1.932626288283949778e+00
1.767797844012979791e+00
3.204028166377995035e+00
3.064462749419779808e+00
5.937816850136408142e+00
5.792088485774181450e+00
4.093619603423030107e+00
3.928646775856854845e+00
3.765657794589853058e+00
3.626467321202199390e+00
3.487017475133086908e+00
3.313816499434666163e+00
3.152269495219077733e+00
2.985298405561788382e+00
2.868310500011393760e+00
2.688545108179237975e+00
1.033002906964403955e+01
2.270199805059141873e+00
2.399656852018318354e+00
2.584822801987610053e+00
2.706414799914014235e+00
2.863410815438412804e+00
2.990239467925534633e+00
3.160476381818977831e+00
1.348618823433094693e+00
1.185564402630846947e+00
1.055996892203488358e+00
8.912710195157790283e-01
2.275952301131653588e+00
2.103427595571251807e+00
1.976057958359061617e+00
1.820795816540818901e+00
1.674203774156774571e+00
1.551331531063741442e+00
1.425633998323195817e+00
1.260462181186950970e+00
1.129534623115655778e+00
9.854517158540138100e-01
2.455866325564936670e+00
6.812598556688774787e-01
2.118520959439414320e+00
3.455083660458330708e-01
2.133419369876134730e-01
8.103093640012157262e-02
1.394124784810829298e-01
4.375108381320750972e+00
1.153865663983403955e+00
1.504662893692049508e+01
3.898399403225087934e+00
2.432632122672176678e+01
2.082878210977177513e+00
1.895816897407590851e+00
1.757661411324830336e+00
1.582758563409965458e+00
1.455182766494940383e+00
1.281691374078933521e+00
1.140937743779301350e+00
9.645482770648370341e-01
8.334560079883586159e-01
6.929267297329581687e+00
2.033621914085798732e+00
1.867525879661295241e+00
1.723770036199518074e+00
1.580770393652626060e+00
1.391152813206729011e+00
1.236814664691073373e+00
1.076582698642974734e+00
9.632711675092706649e-01
7.844458495685486810e-01
2.194787986516737899e+00
4.594237034637759232e-01
1.873049085427056060e+00
4.853470773576805009e+00
4.694657348884002879e+00
4.503198261212594922e+00
4.377697646028097189e+00
5.823625899337134371e+00
5.672086928513381032e+00
7.393779293144043807e-01
6.007138858608659371e-01
5.112014014110792814e-01
3.573137118608524787e-01
1.766751254262610704e+00
1.613297948785698210e+00
1.509128120931464423e+00
1.360593156409884097e+00
1.229358955924477970e+00
1.098865659959767482e+00
9.600062337645957067e-01
1.312628112008069969e+01
6.873686760617876423e-01
2.155733921135371212e+00
3.589596998850991483e+00
5.063532923928732998e+00
4.909521930457003691e+00
4.774489026324993723e+00
4.629122003826481979e+00
4.488769747878103011e+00
4.352824845205736537e+00
2.614600049021623906e+00
4.041323420410177114e+00
3.893497637912633369e+00
3.786352777533207092e+00
3.634817979609213268e+00
3.522043958518310980e+00
3.396069668211509018e+00
3.305128043339044197e+00
3.202690591551344390e+00
3.035078962635398891e+00
2.915495591841703593e+00
2.743192684005625104e+00
2.624266063525702020e+00
2.525115895022466361e+00
2.389478834995290679e+00
2.528271998490684069e+00
1.052668699594561996e+00
2.103573400615716071e+00
1.956300847856926817e+00
1.854949505286789702e+00
1.690126414815269262e+00
1.561606976150546222e+00
1.407490547263591907e+00
1.255088477176203643e+00
2.669880770684043281e+00
2.492841718172830845e+00
2.380431346481795885e+00
2.200282359689881950e+00
2.063041257361723613e+00
1.892986229925445185e+00
1.777457331137455521e+00
1.651164134680174200e+00
1.467820334893895629e+00
1.352162105547003890e+00
1.233742266430861712e+00
1.995450024932011290e+00
1.093369011799825818e+00
1.031444099484079668e+00
9.373787826290438385e-01
8.423502880177897723e-01
7.359883419152191131e-01
6.028842891389472047e-01
1.978415832980346067e+00
7.633848959399705869e+00
7.974367619092671333e+00
7.849627438437994265e+00
7.670546439247567960e+00
7.524715734438179204e+00
7.346749610824000243e+00
7.230824608230121520e+00
7.079110668047977839e+00
6.947800002902901895e+00
1.006603625633823995e+01
1.971192097405124022e+00
1.807563566799373245e+00
1.661040406978659956e+00
1.539110673979575239e+00
1.426289913489620309e+00
1.274528379747744911e+00
1.130634892460474994e+00
1.010017756676532263e+00
8.659445206154077201e-01
7.572411396777268822e-01
6.233636427204160002e-01
5.099948416384483263e-01
4.104129022296181262e-01
3.660470661266710390e-01
1.520399879686264333e+00
1.379352786093887007e+00
1.238756515470921471e+00
1.054060675598542440e+00
9.285787325795454850e-01
7.420966464445855060e-01
6.393686249491133955e-01
2.031385814419869540e+00
3.495546783172506444e+00
3.333873611889169197e+00
3.207539317295703185e+00
3.038691381221303445e+00
2.860175196128933894e+00
4.353020717481196122e+00
4.177953068190965347e+00
4.052203285246381625e+00
3.837266623086123651e+00
3.738943663927456917e+00
3.574022935780947652e+00
3.430882908752853400e+00
1.633516815663833555e+00
1.503353174378231127e+00
2.952074666796537628e+00
2.811253987698930867e+00
2.614068104733225262e+00
2.489364864310739556e+00
7.965747944347235654e-01
6.299682946930862393e-01
4.914905949665849261e-01
4.076437789915500209e-01
3.324857447854768222e-01
3.192700333811109292e-01
1.398743583890110553e+00
2.905970232908286821e+00
1.139574540234891131e+00
1.006606978056474366e+00
8.835052601443779130e-01
7.719936238921313310e-01
2.671010323618813853e+00
5.009583457008258689e-01
4.119381678365905408e-01
3.721268403930481083e-01
3.713031604173849254e-01
1.531716115359274211e+00
1.375667256872514121e+00
1.205008110081361661e+00
1.095017199268166985e+00
2.475792679422816889e+00
2.298131089845862896e+00
2.152953794156931444e+00
2.031110285036350938e+00
1.933635122026821307e+00
1.790871791052349948e+00
1.666880003260267529e+00
1.509573991294094419e+00
1.409932736307404344e+00
1.244795508667764450e+00
1.131954228863126799e+00
1.007389391198644013e+00
8.705811149667703752e-01
7.892596258082491545e-01
6.394447457250631572e-01
5.164543402182268927e-01
3.995827429617631044e-01
3.500747358030847356e-01
3.275051627050912240e-01
3.238391114594000864e-01
3.660132419423733352e-01
5.139214096348571070e-01
6.490209827257088504e-01
2.502129127185275248e+00
2.326120278711562239e+00
2.210202730054502851e+00
2.025117526117810929e+00
1.910610392326525409e+00
1.722457449000060148e+00
6.333841460676234547e+00
6.171758632749591911e+00
6.038781894163663289e+00
7.487444705803105727e+00
2.258133880348029088e+00
2.355041349000877027e+00
2.537030337679091030e+00
2.642320987826035417e+00
2.802364223367312057e+00
2.954004793273341978e+00
3.067575174414278294e+00
3.253459504748630327e+00
3.371114003600959919e+00
2.927525710288594762e+00
1.259681351612946809e+00
7.362059062547277044e-01
8.667361500692714049e-01
1.002077368947172253e+00
1.121662245909164524e+00
1.296930986203236325e+00
1.460899989139308852e+00
1.594424768858329511e+00
1.403229687051249819e+01
1.901280321358609804e+00
1.012607259184900599e+01
2.602274095958635680e+00
2.380834921214763256e+00
2.246507809408091472e+00
2.054250162745380859e+00
1.930080118906670306e+00
1.740590084083476263e+00
3.881675955377870135e-01
1.462212524232533895e+01
2.790673079466326367e+00
2.617508051087830800e+00
9.201962967693042561e-01
2.275920315132101912e+00
2.080626071534060095e+00
3.561866801902159985e+00
3.373776779574318763e+00
9.428335466099127871e+00
9.238306148238979887e+00
9.097484975630107940e+00
4.264883565262016951e+00
2.581057711588215842e+00
2.399227691192639789e+00
2.254341051553895525e+00
2.096285125755681822e+00
1.921082167209350544e+00
1.781262448499514539e+00
1.618448269288975672e+00
7.649913340764019409e+00
7.459953582531706040e+00
7.325612545461583025e+00
7.133079109647079363e+00
6.991480674104492365e+00
6.737884264781912158e+00
5.227502125807504951e-01
6.075321176853726080e+00
6.268633302279917885e+00
6.094874268654595362e+00
5.915460764977665598e+00
5.747351196740802415e+00
5.572484493856125098e+00
5.428149530573315396e+00
5.238967134069605791e+00
5.089278983106575005e+00
4.866584556807986850e+00
4.734008605100497924e+00
4.542314483650666368e+00
4.414614331459291385e+00
4.241076320731791860e+00
4.072074340836707940e+00
3.894395869369721819e+00
2.189170571179723801e+00
5.105918278781373942e-01
6.494841257106968690e+00
6.355211735056799149e+00
6.176985577413191209e+00
6.017641147635456988e+00
5.836858708313163113e+00
6.925202322305427094e-01
8.295350994255299426e-01
9.763771542945223203e-01
3.646439990381447949e+00
5.042205072626863682e+00
4.847628814393416974e+00
4.685263825934839588e+00
4.503513653262601224e+00
4.323216444599776942e+00
2.645207260096529733e+00
2.438827529055326071e+00
2.250764106746451887e+00
5.814806481421758155e-01
1.879156255189242897e+00
3.212728765330748359e+00
3.039588205428663148e+00
2.875284593408627742e+00
2.801040067875025130e+00
2.692094397846848342e+00
2.611115516925361479e+00
2.501655597446268864e+00
2.429086543676207466e+00
2.304381272786905743e+00
2.172213816238880213e+00
2.069251201391554940e+00
1.945613226622289194e+00
1.863521389193987243e+00
1.701748329445433860e+00
1.608842281649343287e+00
1.489373944422679008e+00
2.908483707982370881e+00
2.821857830739188611e+00
2.668028424823042144e+00
2.571960257082905432e+00
2.430769110037160896e+00
3.887179969323319995e+00
5.305193834285431898e+00
3.617159994913976107e+00
3.449628718862985721e+00
3.316791801615599944e+00
3.198224852389023987e+00
3.037697639318111431e+00
2.928009642890366582e+00
2.801366066063130766e+00
2.713460004952427784e+00
7.063828516317055550e-01
8.008634503739771038e-01
3.848015891806355615e+00
3.656288330329812819e+00
3.549211399560028735e+00
4.919999176016454534e+00
4.773997747515635659e+00
4.616604615345225149e+00
4.476957952258119100e+00
4.308623620437861845e+00
4.172009133155397009e+00
4.014606027736235205e+00
3.898494039006748402e+00
3.762475507751281700e+00
3.613707010737025715e+00
3.463003522850877314e+00
3.322039682496996882e+00
3.204080618187557850e+00
3.057083362520293335e+00
2.916196460041804883e+00
2.781955733672649256e+00
2.632686763600152968e+00
2.460124818933878466e+00
2.324646769181690775e+00
2.157021995416425586e+00
2.039718266372964717e+00
1.878753212454403299e+00
1.723966503353360435e+00
1.553204426559499529e+00
2.973365056743907608e+00
1.288791426815375507e+00
5.857235213721443401e-01
2.546513302633560016e+00
2.450069404231090431e+00
3.859627508096598270e+00
3.710966150582833745e+00
3.591679653988372856e+00
3.472750173546157448e+00
3.374606701637283823e+00
3.239001599820648725e+00
4.737364030534196857e+00
4.623509779033222244e+00
4.527626031262447448e+00
4.407105783655931752e+00
4.295383570484981206e+00
4.182160468072837034e+00
4.099450472654758038e+00
3.972627550526517393e+00
3.831156139865104837e+00
3.707986016676196428e+00
3.591051042493799361e+00
3.442767282294918463e+00
3.267845029160034720e+00
3.141539856136871034e+00
2.989415246412027827e+00
2.872231927932094475e+00
2.733547403309035673e+00
2.598223643776308212e+00
2.457542321210413494e+00
2.326724899590352891e+00
2.171098004912062063e+00
2.032401965788592779e+00
3.441453406484595412e+00
3.314590204724366718e+00
3.172902201088381613e+00
4.609115543615962984e+00
4.437615385560002679e+00
4.293463020487249260e+00
4.143331931843876603e+00
3.994898839215648145e+00
3.832526296655130338e+00
3.707921338488113339e+00
3.543938409479535867e+00
3.416241823910082687e+00
3.258158154411697094e+00
3.153575702159269856e+00
2.970980470773521898e+00
2.819905692484712567e+00
1.160748360890387687e+00
2.545116525841838229e+00
2.403508862364722276e+00
2.276618885531306979e+00
2.120780196938189643e+00
1.995719190020473377e+00
3.299365301066325973e+00
3.138422628818031690e+00
4.504624516350427932e+00
4.351267606763047802e+00
4.216918419399064533e+00
2.534941276500431773e+00
1.017008013400463984e+00
9.002941189140081235e-01
8.124007450495204230e-01
7.027256331976967640e-01
6.406601214608150796e-01
6.524564037360430779e-01
6.844860111314705620e-01
7.171283779165609218e-01
7.645082992596535787e-01
8.892242587996800340e-01
1.007702433571954215e+00
1.127448041832114445e+00
1.245781309963462258e+00
6.544566714837681820e-01
6.320019151300736437e-01
6.254434076239118179e-01
1.446606326375777574e+00
1.292523638449101453e+00
1.174512367152007242e+00
2.490824734658090733e+00
1.044630432866500946e+01
6.925189185866677199e+00
5.217409216514980130e+00
1.895601740585110218e+00
1.715204741628879148e+00
1.569220046360098486e+00
1.423929961845973979e+00
1.295012453335036895e+00
1.118385819760820077e+00
2.471093890402967119e+00
2.285489500830113485e+00
2.142275672766994710e+00
1.943782347830059765e+00
1.794495346903065558e+00
1.617866759822997214e+00
1.501280170082482712e+00
1.326913581409762788e+00
1.177205266073021672e+00
1.007971067136044452e+00
9.005495378258470129e-01
7.500000071351413666e-01
1.962036487397343709e+00
1.765454291941447762e+00
6.632511766926674213e-01
6.976355307322765764e-01
7.761276962004670210e+00
4.208727836376096931e+00
4.051555790260087164e+00
3.827094444512856519e+00
3.650404629095619580e+00
3.470945916630752137e+00
3.301668385972543973e+00
3.084603074028583247e+00
2.900313174677803918e+00
2.683807779732992227e+00
2.509261802708130151e+00
2.308771853222370662e+00
3.787016989668595457e+00
3.600165092512298770e+00
3.402574927413708483e+00
3.212685021775270489e+00
2.996672308492393189e+00
4.450581745216177332e+00
4.193126652329527637e+00
4.014057086875442160e+00
3.778758467567683521e+00
3.599106998889003872e+00
3.363127613418558148e+00
3.184331344521828644e+00
3.016480099164542850e+00
2.835989880558057674e+00
2.643472840793647638e+00
2.458196282377183906e+00
2.271086220010977375e+00
2.110597855864648320e+00
1.893434183566058637e+00
1.736108246506177677e+00
3.102483873414967785e+00
4.529780412197069062e+00
4.284756362813795683e+00
4.054271809081796185e+00
3.875790297131375794e+00
3.643994520922162916e+00
3.427867473065520532e+00
3.195914219371145393e+00
1.473281620019228022e+00
1.310963063964703856e+00
1.408529724521472914e+01
4.045017634886396429e+00
2.324809691676124945e+00
3.690820206110374979e+00
3.541082745425043310e+00
9.842514214426854480e+00
1.718335251229443195e+00
1.011412315543081952e+01
6.152215303230097909e+00
7.503198034201040478e+00
4.119664079274252266e+00
3.911829414545825667e+00
3.759410324749066223e+00
2.052164630248964450e+00
1.948738361665381058e+00
1.774575061187559477e+00
1.637921558252427801e+00
1.480938954051531420e+00
1.372261087722326911e+00
1.228642339902107139e+00
1.062399987734324425e+00
9.225186560333327179e-01
8.387471014323969465e-01
7.215892210759646819e-01
1.868092321797988564e+00
3.296821031309547845e+00
3.175362227240250856e+00
2.967354628930204186e+00
2.805208459614572547e+00
2.615507661163602116e+00
2.458502072223014867e+00
2.253305058225546720e+00
3.591684310484083653e+00
3.379850129614348830e+00
3.197457065746294624e+00
2.999401724853256734e+00
2.824574620873400832e+00
2.635632192224851345e+00
2.447236858149409944e+00
2.262846187603254844e+00
2.061583425003070236e+00
1.885540473473745982e+00
1.692644211933767018e+00
1.517862494342153257e+00
1.339911656725417233e+00
1.208449094470464891e+00
1.034014403116031433e+00
2.463731798129881412e+00
2.260970731787792065e+00
2.115083894307293821e+00
1.901088161500140927e+00
1.735562606050078172e+00
1.587450320592578290e+00
1.423906823309287750e+00
1.244848026484747017e+00
1.068256440892685122e+00
2.474073555886030729e+00
4.467617186172388344e+00
1.491497258855937647e+00
1.672841833841245185e+00
1.838684524878681392e+00
6.160315896104208377e+00
4.456674293346874371e+00
5.751420083759917645e+00
4.057013063580074963e+00
3.851754091931143709e+00
3.694102631988876340e+00
5.009524372392998970e+00
4.860812684854264099e+00
4.674425272266693909e+00
4.544695510343639278e+00
4.359335210729448740e+00
4.216664728565171494e+00
4.021441744187825407e+00
2.383655541293463020e+00
3.670845608135620441e+00
3.510157738616013656e+00
3.292866343587875111e+00
3.123215803576514293e+00
2.913817353506896080e+00
2.772826225131250766e+00
2.573124373184755509e+00
2.423755120941926577e+00
2.238990741720328081e+00
2.105801258280100008e+00
6.443392267492509262e-01
6.038895678650705312e-01
6.374255106404462801e-01
6.725841452730124681e-01
7.354364284184202738e-01
8.369488237021549537e-01
9.929860200133407977e-01
2.349512944662262015e+00
2.153526382513256010e+00
6.590249620646325468e+00
4.839986250781522337e+00
3.136342618511831937e+00
2.932001497488562425e+00
2.755599732073145791e+00
2.571108762859686703e+00
2.394793321339303116e+00
2.197722539688275578e+00
1.998787557105251578e+00
6.295883921330400756e-01
6.224649680140448282e-01
6.741148966440031476e-01
8.150790390682913777e-01
1.131183387976006482e+00
7.268941461467891330e+00
9.129366406897224451e+00
6.733230368886239603e+00
6.574677218957845071e+00
2.141041227820457493e+01
2.877670198313015515e+00
2.707724793003887687e+00
2.538024005142438977e+00
3.907037467502999739e+00
5.405201970103144404e+00
5.210673594081134397e+00
5.074438321298030630e+00
4.862720615014117342e+00
4.696804179691778103e+00
5.994718547886789040e+00
5.860890750415821415e+00
4.148906362468952835e+00
3.994275407503420805e+00
3.782672397112719409e+00
3.636401849456611046e+00
3.404549529804190566e+00
1.611676140941517232e+00
4.551933737123057711e+00
4.420374518802850261e+00
4.227107146282192751e+00
4.057175053404016296e+00
3.825411988239546979e+00
6.760151101444604294e+00
1.250012985876823812e+01
1.434167254237341638e+01
3.125988574449602098e+00
2.979386926902541255e+00
4.288186294726216374e+00
5.660676893609982940e+00
5.477691925616614554e+00
5.312397757662465914e+00
5.118074677347485668e+00
4.943522702648135869e+00
3.176832604979054953e+00
3.019757889143891205e+00
2.853385666184745428e+00
2.672684969997642934e+00
2.505101186984456163e+00
2.344548603700117972e+00
2.198639977517785393e+00
2.019228466853494997e+00
1.892512961521824799e+00
4.747848858075840894e+00
6.185389125458927495e+00
5.975307783811151019e+00
4.289184052141342463e+00
5.638906597102659290e+00
3.956940544130738591e+00
3.778422770923344665e+00
3.609802830240552485e+00
4.974949083959335994e+00
4.807988018509968597e+00
4.627504788443477679e+00
2.889650690679805400e+00
2.705819499521180393e+00
2.542606831457112193e+00
2.347107055776493478e+00
2.159003929034354119e+00
1.969845147554633247e+00
5.632485290675467438e-01
5.359725241656475569e-01
5.413858446049972795e-01
6.319886165008652412e-01
7.894184201599273587e-01
2.443752606052729259e+00
2.254325134479967296e+00
2.124465030990272396e+00
1.925650925918775735e+00
1.765902853683646079e+00
1.573535131912559892e+00
1.406297680385754756e+00
1.235873601440752312e+00
1.324683529237278634e+01
7.070491444445774931e+00
6.889221127936254518e+00
6.692202879368980284e+00
6.474666423972974094e+00
6.301665257927931307e+00
6.092328934783222572e+00
5.914126768785435750e+00
8.647292985262916565e-01
1.021794904628474887e+00
1.202589172382444005e+00
3.540076990538114199e+00
4.944054585113418554e+00
4.791519886239574255e+00
4.576053692664721950e+00
4.383793011926973904e+00
4.165492029420663656e+00
3.982940531917223748e+00
3.754243920638763221e+00
4.868765833822714661e+00
3.373295171338978715e+00
3.218982486544985644e+00
3.026109068402731417e+00
2.851849865221093960e+00
1.139654990681906455e+00
9.781237975057425205e-01
2.241356553857082545e+00
2.071507843668508375e+00
1.896438327338800134e+00
1.778585187653334287e+00
1.596568656233449568e+00
1.445381938974166003e+00
1.310139897343302939e+00
1.219949415761053091e+00
1.053202178107848219e+00
9.334590795419375198e-01
8.307071978967888182e-01
7.662994937069032009e-01
2.245508187942469647e+00
3.714572215684475154e+00
2.077842472255250428e+00
2.046126601937420464e+00
7.713272038123958341e-01
8.642696719107897385e-01
9.965827305595856833e-01
1.156618441402682551e+00
1.292591001249729254e+00
1.865191830276442087e+00
1.845801015210960516e+00
1.808168349116755724e+00
1.730616318070967719e+00
1.651254991291288610e+00
1.606534103535967928e+00
1.574884270548800425e+00
1.561692295526085683e+00
1.498616500319868816e+00
1.353791812426107022e+00
1.242552089747330557e+00
1.093195259974861111e+00
2.606518333880579519e+00
8.138364405664991752e-01
2.268716534440529564e+00
2.121250012664588791e+00
1.971591181436666451e+00
1.829866743544124930e+00
1.631736821836519136e+00
1.438437026185777956e+00
2.789756409361554113e+00
2.594937814606754767e+00
2.401421719305310454e+00
3.900120430634020696e+00
3.746843343846315566e+00
3.557375020655866749e+00
3.390333862903281759e+00
3.205956488892824474e+00
3.024536660307962865e+00
2.843987172511312611e+00
2.657579637013267160e+00
2.526146785266949912e+00
3.859004684663235540e+00
3.747946028171779353e+00
3.557200270292752986e+00
6.616894084867989356e+00
6.435244827908217502e+00
6.324530888017883434e+00
6.169657362641457254e+00
6.021156710361258213e+00
5.881902124072973415e+00
2.550888494235072912e+00
4.069710834414721923e+00
2.219216239002988811e+00
2.096816366227751693e+00
1.919609889902385680e+00
1.807983311847142005e+00
1.619775005862687633e+00
1.491658938605721962e+00
1.324014707652541922e+00
1.203973302866859552e+00
3.781886429305280739e+00
3.915080313444841309e+00
5.497520452277116831e+00
5.356443730195907804e+00
8.451625862366734410e+00
9.946466762740110212e+00
1.310631653999841006e+01
3.401415865176311004e-01
3.047448008826131982e+00
2.856280103413903149e+00
2.710351366506434267e+00
4.077523666873807962e+00
3.944640987177920444e+00
3.773300380871257964e+00
3.606699249590829215e+00
3.428627252982718865e+00
3.275867286374132714e+00
3.087170127366207328e+00
2.891233524707744973e+00
4.354364326051354261e+00
4.225218761135197454e+00
4.066477281929318011e+00
3.884876526292120325e+00
3.709103566193109103e+00
3.550010370176007068e+00
3.363802064989292351e+00
3.199012257266690362e+00
3.017767204006877257e+00
1.242050335545752171e+00
1.093882195542683622e+00
9.159231770834220798e-01
9.799640538402513146e-01
1.144677849396560587e+00
4.537716145523753575e-01
1.808382559502389020e+00
1.617403536712738177e+00
1.423686373216479728e+00
1.252769019995872757e+00
1.110524992325825799e+00
9.383034607373431646e-01
2.317528451319556648e+00
2.134061719359580778e+00
4.874274995543703692e-01
1.472171528163474852e+00
3.142572850305398902e+00
3.324009623297100369e+00
4.974537468368231075e+00
3.638773924037159713e+00
5.284753598311955791e+00
2.351059791225528883e+00
8.093662082459124330e-01
6.731433525458102585e-01
5.577049638474917970e-01
4.191597168874098833e-01
9.909957391752328704e+00
9.754268894604226858e+00
1.294841028706812658e+01
9.467002562863454429e+00
9.315325784440101842e+00
7.605555875099345720e+00
8.240365741315544001e-01
9.391664054846206033e-01
1.075798373237876193e+00
1.252818286168902118e+00
1.417222740243072376e+00
1.524286178325886310e+00
1.654997236875653588e+00
3.537509353688410574e-01
1.998029326681561635e+00
2.104132607847210235e+00
2.301002762207279506e+00
2.431724815888974600e+00
2.597840454172348323e+00
2.686711277782247720e+00
2.860834222586546183e+00
2.937519796743549794e+00
3.125349282167230403e+00
3.206539831859200440e+00
3.391303919342120832e+00
3.504615928215699672e+00
3.665551536182627856e+00
5.374377166463743194e+00
1.082775296169641521e+01
2.439406214306603982e+00
4.092079760573793301e+00
7.051359628404584301e-01
6.215605113344258026e-01
4.944939700047533693e-01
3.509304722821372513e-01
2.761210986191683925e-01
3.175752611271368542e-01
3.612675906564127848e-01
4.348342788616869625e-01
2.133577939049410954e+00
2.283792343494374322e+00
2.399253310932196293e+00
7.752085618634221298e-01
6.091317484572923435e-01
2.767495751995806330e+00
2.932852213302489908e+00
3.018941496872140196e+00
3.179701274787947174e+00
3.329859954924214716e+00
1.805202747793994256e+00
1.978529683241037951e+00
2.111054181049368150e+00
2.286212585342058734e+00
2.409631929357876956e+00
2.595966821970594030e+00
2.699512558454865374e+00
5.266370479557656914e+00
3.428430227008631093e+00
3.236028490765205046e+00
3.116734988943258511e+00
2.961615966892831686e+00
2.845277602763842228e+00
2.703085664619631956e+00
1.570982508356863150e+01
1.555843942136610458e+01
9.179664886063935825e+00
5.394611828727458480e+00
1.171786314867166823e+01
1.738321473782777016e+00
1.550727607538194608e+00
1.411926657206985292e+00
1.209700272340705540e+00
2.766565146676049469e+00
2.563587565933286960e+00
2.398564246373516617e+00
3.885238527666472041e+00
3.716961652718068887e+00
3.574112980954663676e+00
3.380503814503355020e+00
3.238093783427019368e+00
3.051955379668500612e+00
1.307869871356564184e+00
8.711830358706420085e+00
2.599344909122056624e+00
3.941844640673077826e+00
3.820031447877151098e+00
3.682389313958719601e+00
3.496732047907137542e+00
1.843414602478008923e+00
1.733388552764089763e+00
1.607470206834554549e+00
1.441474990330582573e+00
1.300812201279094138e+00
1.123815135229389917e+00
1.030419251232929101e+00
8.719413132524616028e-01
7.593214472877612975e-01
5.968657373804481248e-01
4.637829213984295262e-01
1.839840416814455537e+00
1.644388736531252837e+00
1.520579379964558830e+00
1.319702503674144767e+00
1.218955375697690080e+00
1.007381006837929860e+00
6.893583379056841265e-01
9.318257224556418805e-01
1.025484856827858060e+00
1.992494717733654941e+00
1.822859542140144118e+00
1.714456996475289596e+00
3.157276233528151455e+00
3.060212015261908114e+00
4.587510725341240381e+00
2.735726078763828450e+00
4.295200337947997049e+00
4.168718319872057876e+00
4.089852865274949067e+00
3.885321231900925376e+00
2.109803892304519035e+00
1.927689611098873490e+00
2.579994620610716050e-01
1.976535875457987035e-01
1.283190763646311072e-01
1.501986135784656007e+00
6.362598614366883787e+00
1.185030138778709308e+01
1.021284698753808584e+01
9.220888937784252892e-01
2.537199730722159874e+00
2.317850302454282918e+00
2.256837342904113974e+00
2.081630697520551632e+00
1.938731079822695103e+00
1.794234664026868264e+00
1.325116134225648445e-01
1.870639007541349541e-01
3.464114624834873091e-01
4.569998750582741076e-01
6.587154494477106548e-01
5.528928762230251870e+00
3.725223569499116483e+00
3.585177739434111999e+00
3.489396585207352963e+00
3.339419066059789998e+00
3.270996834180097235e+00
3.062392539746524811e+00
2.927495314175204477e+00
2.758677415052395610e+00
2.646961608410865807e+00
1.040997500872136383e+00
2.299248590821227900e+00
2.163813301865229022e+00
2.053199559492734139e+00
1.880108036993978216e+00
1.738941475305550544e+00
2.921884420733561250e+00
2.885179466943709858e+00
2.826971175056816943e+00
2.728442337345702295e+00
2.715513441218900592e+00
2.707223047666037719e+00
1.176514445079675841e+00
1.058249997484999927e+00
9.658303910314131047e-01
8.787484735449923035e-01
8.174351424900195839e-01
8.045185182148893999e-01
8.081257585157241019e-01
2.268844444636859858e+00
6.075855469497746242e-01
4.689470959495447011e-01
3.461889421905799402e-01
1.686137568461582914e+00
3.060781641190022384e+00
2.779804605387537375e+00
2.605652307663667067e+00
2.492039932876111585e+00
2.247939369788721109e+00
3.646267620230939865e+00
3.515018625872099012e+00
5.063288580054243759e+00
4.942019764278955840e+00
4.846834822349780580e+00
3.042713085642568149e+00
2.949713585172563768e+00
2.821310789458100654e+00
2.666614909433900227e+00
1.058568211300710660e+00
9.268767674971706283e-01
2.350382505347436091e+00
2.210690473978408122e+00
2.080019411316817113e+00
1.974610267639705929e+00
4.361578710329426789e-01
3.669904206891546616e-01
2.896153852916554250e-01
2.531644407940681907e-01
1.465552407567144222e+00
1.368215870801782641e+00
1.298489880921223749e+00
1.166544555110293313e+00
1.093721969230984081e+00
1.004822305481414935e+00
9.251022594761876272e-01
2.422357471000889717e+00
2.290592344353491683e+00
2.249383781860384790e+00
2.161164696379448635e+00
4.944451524765482997e-01
4.683890375202566236e-01
1.272644484971727552e+00
2.763459477488240168e+00
5.038403114954211892e-01
5.150523409822133081e-01
5.173627496862014397e-01
2.039433410675363767e+00
2.015218776640469223e+00
1.885822357520687831e+00
1.805831309768988202e+00
3.348843134029254598e-01
4.203877468056124722e-01
4.994072345318802952e-01
6.271250148466219754e-01
7.196316722285452938e-01
9.127675107097614760e-01
1.035396152114893997e+00
1.213801488252790328e+00
1.341323116658299730e+00
1.535756330111838874e+00
1.682142571749466020e+00
1.850033331497317857e+00
4.422093336703039057e-01
5.544731042214411376e-01
7.229205886603514708e-01
8.604988034660200347e-01
9.965993852553893806e-01
1.114914507285838852e+00
5.244657033373233412e-01
1.924407651449917545e+00
1.736197281803162129e+00
1.623809435338693818e+00
1.431488517550211670e+00
1.321494429203032839e+00
1.138009138344469928e+00
1.005439392867689685e+00
5.556472597848831185e+00
5.392225703500661105e+00
6.762077239842145815e+00
4.837173540501291669e-01
1.908728305601640196e+00
1.750713046971577702e+00
1.644937333616523389e+00
1.478379766662883066e+00
1.388012518165373965e+00
1.241883351210572917e+00
2.637965192234890566e+00
2.481557561914462973e+00
2.361667991239932096e+00
2.261412448263390829e+00
2.093268843823123060e+00
3.504756878166998213e+00
3.294719282031367769e+00
3.223280895063109774e+00
3.051887581182956222e+00
2.926463400095378198e+00
1.216276373760861063e+00
1.072432026424960938e+00
9.623339237250656542e-01
8.553557867389567360e-01
1.090375860771083838e+00
2.817644573887753801e+00
2.928479933211750375e+00
3.136391676159443254e+00
3.253717145774301933e+00
4.833940226733787759e-01
1.297938038019077256e+00
1.137029853587412376e+00
1.042706963833758715e+00
8.751397930354023469e-01
1.084522057325294275e+00
1.220220935884710034e+00
1.389257007605380068e+00
1.505633386428116394e+00
2.707338558973455989e+01
1.797894323655276461e+00
2.191916288464584284e+01
1.078334538396778619e+01
2.461110474225519695e+01
9.086354649138624895e-01
1.081611552135943066e+00
1.209635819660099587e+00
1.405122154690050307e+00
1.510025146495628245e+00
1.657442813544506066e+00
1.818634341958715428e+00
6.321837217029800948e-01
7.265897202282339817e-01
2.302380856774116413e+00
2.466969688298523700e+00
2.624932676157917033e+00
2.766083331812305257e+00
2.903272980404139503e+00
3.083207098574894722e+00
3.243010412637478357e+00
1.916091441868637890e+00
2.042168960208276651e+00
2.224577684732689242e+00
2.371017257622154428e+00
2.525018206047418001e+00
2.632471677533890109e+00
2.806322982085573070e+00
2.914372068907154389e+00
1.427502890622790588e+01
3.367986040299864481e+00
4.729138517582973655e+00
4.612277186626413616e+00
4.402080419406829037e+00
4.240481473359484887e+00
4.040372650568713198e+00
2.351031952510133749e+00
2.126875438457558776e+00
1.985720543745181255e+00
1.836616201680915550e+00
1.678695624262820596e+00
1.542751256802412652e+00
1.345938965982232061e+00
1.240870722361592238e+00
1.073352218440284167e+00
9.975574802993042445e-01
7.023635484447463107e+00
6.095316621763257281e+00
6.319697770825911221e+00
6.475429059593305503e+00
6.697965472938141041e+00
1.145317213856293037e+01
7.432133681134523995e-01
8.955417507386440601e-01
1.087534954101451179e+00
1.195880470694758557e+00
1.397920167801780966e+00
1.564400091471628729e+00
6.187547801157329275e-01
6.388931745415165064e-01
7.983569367080901591e-01
8.990479997827237613e-01
9.685771025927670808e-01
2.316503739473597001e+00
2.138171122671472801e+00
2.013990755669536448e+00
1.796291187836750902e+00
3.250431508717203322e+00
1.147116684339600923e+01
1.161197087087682434e+01
1.180528890822929888e+01
1.194103173436771392e+01
1.210847098519178466e+01
1.225254453083952022e+01
1.240787647801184512e+01
1.255401961040368342e+01
1.266541311724501462e+01
3.188780808684280821e+00
3.051185703165847585e+00
2.904648169683186509e+00
2.820491429486850166e+00
2.625685707274714176e+00
2.554771025419630082e+00
9.590005186291777894e-01
8.815306055634600790e-01
8.148885074892511238e-01
7.804323654920818365e-01
1.869887705793514154e+00
3.223114091332375697e+00
4.603519535638767479e+00
2.925012514463300572e+00
2.814251899950130920e+00
4.058067275885496983e+00
3.963561994487433182e+00
3.807081226780343997e+00
3.683076880341740633e+00
3.518277731632701411e+00
4.926348681914404892e+00
4.787679534241883417e+00
4.605417631657651611e+00
4.452185261720081222e+00
4.279118633024993734e+00
4.185518225399274428e+00
3.996185507175745055e+00
3.838161066450179959e+00
3.628173501411754209e+00
3.501503458130271085e+00
3.323781978019679784e+00
1.714676511326001185e+00
1.896321224660734162e+00
7.329557942527328285e-01
1.236945908458882082e+00
1.143107734464863912e+00
9.790508496218620627e-01
8.629880894194387198e-01
7.679688244423170662e-01
1.910210609079562749e+00
1.751439312400483450e+00
1.589521117448536414e+00
3.002248526132039075e+00
2.847550435965981563e+00
1.195269855436244422e+00
1.041920185847141189e+00
9.364238068625685418e-01
8.400252364922883297e-01
1.969237607311101756e+00
1.804395293657953481e+00
1.660703852848674167e+00
1.539484042513860729e+00
1.372725029640939010e+00
1.208587997144456194e+00
2.544203901421546732e+00
2.399025688209886820e+00
2.265772261384300990e+00
2.077829003908955308e+00
1.974446581663745981e+00
1.801205563163178924e+00
1.686459865828415561e+00
1.459223565202678152e+00
1.360551592196988846e+00
1.218007189332223739e+00
1.140374222148370364e+00
9.994813881581382509e-01
8.737989515838751053e-01
8.274855214120613311e-01
1.720502565239463877e+00
1.898914719775495419e+00
2.019274762218052910e+00
2.194297331876161827e+00
2.358233122384488567e+00
2.526435443322214702e+00
1.186142307228262194e+00
1.326990356106246161e+00
1.491142738926108269e+00
1.619663899058624512e+00
7.584201762625965015e-01
1.703168667069680176e+00
1.544995466079994939e+00
1.432811950580625604e+00
1.252332248791127034e+00
1.161049164882414386e+00
1.042786040245460732e+00
9.699648244353534787e-01
8.504220383746500245e-01
7.978049605342298900e-01
8.057946453714884827e-01
8.175102734411713312e-01
8.624443215176602617e-01
9.047584742816742187e-01
1.058685941112533113e+00
1.172294031717266538e+00
1.322876339735690188e+00
1.399741691230666607e+00
1.554939867661503605e+00
1.659036315044327026e+00
1.788260520480447591e+00
1.876416154787816648e+00
1.978081194707425050e+00
2.141616632814338672e+00
