1.141357421875000000e-02 4.760742187500000000e-03
1.319274902343750000e-01 -1.493499755859375000e+00
1.163787841796875000e-01 -2.996231079101562500e+00
3.811645507812500000e-02 -4.511230468750000000e+00
6.327819824218750000e-02 -6.022216796875000000e+00
4.357910156250000000e-02 -7.523086547851562500e+00
3.913879394531250000e-02 -9.032928466796875000e+00
4.280090332031250000e-02 -1.055995178222656250e+01
5.767822265625000000e-02 -1.207513427734375000e+01
5.310058593750000000e-02 -1.359364318847656250e+01
4.043579101562500000e-02 -1.510705566406250000e+01
9.089660644531250000e-02 -1.661489868164062500e+01
6.025695800781250000e-02 -1.812030029296875000e+01
4.975891113281250000e-02 -1.962869262695312500e+01
7.197570800781250000e-02 -2.114450073242187500e+01
6.570434570312500000e-02 -2.265870666503906250e+01
6.069946289062500000e-02 -2.416429138183593750e+01
5.664062500000000000e-02 -2.567277526855468750e+01
6.736755371093750000e-02 -2.717428588867187500e+01
9.799194335937500000e-02 -2.867984008789062500e+01
7.099914550781250000e-02 -3.020109558105468750e+01
5.780029296875000000e-02 -3.172769165039062500e+01
8.580017089843750000e-02 -3.324992370605468750e+01
5.383300781250000000e-02 -3.476953125000000000e+01
3.613281250000000000e-02 -3.628347778320312500e+01
3.404235839843750000e-02 -3.779304504394531250e+01
1.132202148437500000e-02 -3.930662536621093750e+01
1.069641113281250000e-02 -4.081054687500000000e+01
2.420043945312500000e-02 -4.231182861328125000e+01
1.098632812500000000e-03 -4.382701110839843750e+01
-3.863525390625000000e-02 -4.532890319824218750e+01
-3.155517578125000000e-02 -4.684696960449218750e+01
-3.874206542968750000e-02 -4.835943603515625000e+01
-6.964111328125000000e-02 -4.986848449707031250e+01
-6.016540527343750000e-02 -5.137739562988281250e+01
-1.224517822265625000e-01 -5.289205932617187500e+01
-1.525726318359375000e-01 -5.439614868164062500e+01
-1.756896972656250000e-01 -5.590447998046875000e+01
-1.998596191406250000e-01 -5.742700195312500000e+01
-1.903228759765625000e-01 -5.893914794921875000e+01
-1.974029541015625000e-01 -6.044653320312500000e+01
-1.606750488281250000e-01 -6.195014953613281250e+01
5.885925292968750000e-01 -6.325527954101562500e+01
1.530899047851562500e+00 -6.445657348632812500e+01
2.453506469726562500e+00 -6.565080261230468750e+01
3.372772216796875000e+00 -6.685145568847656250e+01
4.300598144531250000e+00 -6.805528259277343750e+01
5.212310791015625000e+00 -6.926268005371093750e+01
6.152221679687500000e+00 -7.049050903320312500e+01
7.076904296875000000e+00 -7.168009948730468750e+01
7.989532470703125000e+00 -7.289241027832031250e+01
8.915710449218750000e+00 -7.409590911865234375e+01
9.851760864257812500e+00 -7.528962707519531250e+01
1.076020812988281250e+01 -7.649584960937500000e+01
1.168650817871093750e+01 -7.769844055175781250e+01
1.261790466308593750e+01 -7.888476562500000000e+01
1.352513122558593750e+01 -8.008701324462890625e+01
1.446006774902343750e+01 -8.126794433593750000e+01
1.538891601562500000e+01 -8.247663879394531250e+01
1.629705810546875000e+01 -8.369179534912109375e+01
1.723187255859375000e+01 -8.488618469238281250e+01
1.815093994140625000e+01 -8.607209777832031250e+01
1.908335876464843750e+01 -8.729718017578125000e+01
2.000898742675781250e+01 -8.850038909912109375e+01
2.091424560546875000e+01 -8.970497894287109375e+01
2.184216308593750000e+01 -9.090754699707031250e+01
2.276202392578125000e+01 -9.209767913818359375e+01
2.368487548828125000e+01 -9.330629730224609375e+01
2.459036254882812500e+01 -9.450862884521484375e+01
2.553291320800781250e+01 -9.569256591796875000e+01
2.645922851562500000e+01 -9.688771057128906250e+01
2.735571289062500000e+01 -9.809730529785156250e+01
2.829893493652343750e+01 -9.927832794189453125e+01
2.922062683105468750e+01 -1.004740753173828125e+02
3.012283325195312500e+01 -1.016844558715820312e+02
3.106933593750000000e+01 -1.028661499023437500e+02
3.200590515136718750e+01 -1.040548858642578125e+02
3.290171813964843750e+01 -1.052795410156250000e+02
3.384086608886718750e+01 -1.064680709838867188e+02
3.480789184570312500e+01 -1.076622161865234375e+02
3.572554016113281250e+01 -1.088934402465820312e+02
3.664250183105468750e+01 -1.101031646728515625e+02
3.760737609863281250e+01 -1.112954254150390625e+02
3.850755310058593750e+01 -1.125056228637695312e+02
3.999844360351562500e+01 -1.126915435791015625e+02
4.117898559570312500e+01 -1.117464675903320312e+02
4.238073730468750000e+01 -1.108367156982421875e+02
4.358247375488281250e+01 -1.099303970336914062e+02
4.477055358886718750e+01 -1.089932785034179688e+02
4.597891235351562500e+01 -1.080938262939453125e+02
4.719514465332031250e+01 -1.072002868652343750e+02
4.838996887207031250e+01 -1.062756042480468750e+02
4.956465148925781250e+01 -1.053403167724609375e+02
5.076651000976562500e+01 -1.044370269775390625e+02
5.200442504882812500e+01 -1.035247955322265625e+02
5.323518371582031250e+01 -1.026207656860351562e+02
5.443215942382812500e+01 -1.016913223266601562e+02
5.564309692382812500e+01 -1.007854614257812500e+02
5.684716796875000000e+01 -9.986811065673828125e+01
5.802743530273437500e+01 -9.892640686035156250e+01
5.922857666015625000e+01 -9.802009582519531250e+01
6.042739868164062500e+01 -9.709904479980468750e+01
6.163824462890625000e+01 -9.620709228515625000e+01
6.283432006835937500e+01 -9.528302001953125000e+01
6.389569091796875000e+01 -9.421622467041015625e+01
6.493975830078125000e+01 -9.313209533691406250e+01
6.614910888671875000e+01 -9.220633697509765625e+01
6.734692382812500000e+01 -9.126759338378906250e+01
6.856405639648437500e+01 -9.035616302490234375e+01
6.976583862304687500e+01 -8.945573425292968750e+01
6.987088012695312500e+01 -8.795566558837890625e+01
6.893719482421875000e+01 -8.676522064208984375e+01
6.801763916015625000e+01 -8.555987548828125000e+01
6.714587402343750000e+01 -8.433851623535156250e+01
6.620434570312500000e+01 -8.313581848144531250e+01
6.528729248046875000e+01 -8.193159484863281250e+01
6.438754272460937500e+01 -8.072558593750000000e+01
6.345046997070312500e+01 -7.953515625000000000e+01
6.254992675781250000e+01 -7.830877685546875000e+01
6.162393188476562500e+01 -7.709718322753906250e+01
6.071536254882812500e+01 -7.587717437744140625e+01
5.981903076171875000e+01 -7.466591644287109375e+01
5.888668823242187500e+01 -7.347373199462890625e+01
5.798309326171875000e+01 -7.226196289062500000e+01
5.705773925781250000e+01 -7.105088806152343750e+01
5.614025878906250000e+01 -6.985574340820312500e+01
5.523190307617187500e+01 -6.861759948730468750e+01
5.432530212402343750e+01 -6.741488647460937500e+01
5.337400817871093750e+01 -6.622998046875000000e+01
5.246394348144531250e+01 -6.502162170410156250e+01
5.156440734863281250e+01 -6.381968688964843750e+01
5.064736938476562500e+01 -6.261691284179687500e+01
4.974491882324218750e+01 -6.139730834960937500e+01
4.882836914062500000e+01 -6.016680908203125000e+01
4.788272094726562500e+01 -5.897888183593750000e+01
4.696604919433593750e+01 -5.776246643066406250e+01
4.604399108886718750e+01 -5.655200195312500000e+01
4.510813903808593750e+01 -5.535795593261718750e+01
4.417454528808593750e+01 -5.415708923339843750e+01
4.329263305664062500e+01 -5.294010925292968750e+01
