0.002617425 0.010904961
0.006564539 -0.002174875
0.006107598 -0.000649327
0.003165481 -0.007594405
0.006921846 -0.004766304
0.007073935 -0.004033689
0.004724761 -0.005085096
0.006329348 -0.006252668
0.0055588 -0.007210783
0.006427732 -0.005126022
0.005822276 -0.00524487
0.005010443 -0.004197755
0.00708158 -0.010310131
0.016033977 -0.059077209
0.070467573 -0.174765062
0.109284248 -0.374163561
0.086055869 -0.545097843
0.055888897 -0.721524531
0.041232437 -0.901340083
0.043507252 -1.068664172
0.004180293 -1.246768818
-0.013803488 -1.40522429
0.02265461 -1.57938258
0.002961755 -1.764073866
-0.038079261 -1.93569404
-0.008416497 -2.074323524
0.011644282 -2.242618806
-0.015017312 -2.387787892
-0.031255077 -2.509991588
-0.006119752 -2.664930102
-0.007149165 -2.80315807
-0.047199197 -2.955000991
-0.055299232 -3.098952047
-0.019799452 -3.236899042
-0.038944961 -3.384694536
-0.064764406 -3.50138122
-0.041016879 -3.659038279
-0.031904951 -3.804869002
-0.060130865 -3.964112858
-0.068994603 -4.121164752
-0.027024358 -4.291410158
-0.034915216 -4.415995193
-0.067375501 -4.54746907
-0.069264822 -4.684529332
-0.021249382 -4.815486115
-0.038605329 -4.96383747
-0.073041263 -5.101218288
-0.057682736 -5.250020707
-0.029098441 -5.406392771
-0.062146689 -5.571313424
-0.085832373 -5.731846781
-0.04321092 -5.901242913
-0.028919704 -6.050614419
-0.069559499 -6.217363108
-0.092439053 -6.338806894
-0.057113759 -6.461635892
-0.037719009 -6.586510209
-0.062324075 -6.739296532
-0.094223314 -6.873661595
-0.077125953 -7.00136437
-0.045837552 -7.149565252
-0.065387046 -7.310955699
-0.09784755 -7.449800405
-0.092855511 -7.583755459
-0.070422598 -7.742518613
-0.093291583 -7.898430288
-0.121331331 -8.037928657
-0.095307152 -8.184368623
-0.068683943 -8.341449757
-0.085261399 -8.537946208
-0.121287034 -8.684478303
-0.110585607 -8.849197285
-0.074497669 -8.978803898
-0.089883158 -9.111400387
-0.127969093 -9.224297069
-0.12837336 -9.342694524
-0.100623036 -9.468156688
-0.103435275 -9.589916793
-0.132930256 -9.71409557
-0.132426332 -9.810908964
-0.087595935 -9.944393332
-0.079040831 -10.05579781
-0.117369623 -10.19897307
-0.131840594 -10.28667228
-0.106107287 -10.42415166
-0.093726744 -10.53239227
-0.119314194 -10.67363346
-0.150964934 -10.79349492
-0.144934727 -10.91144074
-0.114984491 -11.05222237
-0.116785477 -11.19431121
-0.148973697 -11.34047554
-0.16004814 -11.44477656
-0.129917572 -11.59357879
-0.104054444 -11.70488527
-0.11719734 -11.87111342
-0.143181996 -12.0085634
-0.142443124 -12.13597988
-0.1222675 -12.26556457
-0.147247694 -12.42522792
-0.18820196 -12.57079766
-0.177203468 -12.72041933
-0.134067907 -12.85942492
-0.122679951 -12.99400816
-0.162883062 -13.13767794
-0.173787992 -13.23987821
-0.157940388 -13.40505355
-0.147678712 -13.55358096
-0.190697583 -13.70516586
-0.205966607 -13.81832225
-0.162361392 -13.9897346
-0.136630148 -14.11751797
-0.16674464 -14.26696788
-0.206185572 -14.39081952
-0.197449974 -14.54715952
-0.180500087 -14.69427264
-0.190722899 -14.84658047
-0.233823379 -14.96689043
-0.230557547 -15.09746157
-0.206698049 -15.26055706
-0.213462431 -15.39630432
-0.242105889 -15.54043518
-0.232849923 -15.67185564
-0.19264735 -15.83744138
-0.19477267 -15.97411137
-0.22953684 -16.14795793
-0.240458237 -16.2774078
-0.202175198 -16.44203003
-0.200830811 -16.5885222
-0.236308608 -16.76092449
-0.254893005 -16.87765978
-0.231966888 -17.01387477
-0.221282049 -17.16228709
-0.252618673 -17.36826676
-0.263419057 -17.52573846
-0.233787464 -17.68573638
-0.232916813 -17.8372687
-0.268141671 -18.01974178
-0.272670588 -18.15481992
-0.243701866 -18.31288619
-0.225141363 -18.45850718
-0.264471493 -18.63793408
-0.281025588 -18.76470356
-0.265755876 -18.92469323
-0.252527127 -19.10144225
-0.280220995 -19.25921618
-0.297208024 -19.4040797
-0.266593593 -19.58671697
-0.247173304 -19.74826252
-0.26606971 -19.91406201
-0.306600825 -20.04401513
-0.30349832 -20.20577506
-0.26645043 -20.34288471
-0.27632594 -20.50246504
-0.318371867 -20.65111197
-0.328292289 -20.79891509
-0.29824813 -21.00995318
-0.300177381 -21.16795653
-0.337039008 -21.33072165
-0.338198154 -21.49217419
-0.302906238 -21.67390969
-0.30256416 -21.87358362
-0.342746078 -22.03673625
-0.33264103 -22.21234898
-0.312533346 -22.3674214
-0.319628641 -22.54540955
-0.352692793 -22.71324846
-0.344304085 -22.87488436
-0.321446719 -23.02695184
-0.3353382 -23.16641727
-0.369581474 -23.30282148
-0.371860543 -23.4327621
-0.350185761 -23.58570499
-0.354440285 -23.74149177
-0.400152526 -23.91948472
-0.396086758 -24.03502419
-0.345922754 -24.228262
-0.329405108 -24.36471532
-0.359351006 -24.53785478
-0.374687609 -24.68020711
-0.357027961 -24.85884058
-0.353886044 -25.02768178
-0.389930062 -25.20801366
-0.40916378 -25.3411909
-0.393426566 -25.46335937
-0.366720681 -25.58385823
-0.39014545 -25.72310961
-0.410439922 -25.84167342
-0.411892199 -25.95936297
-0.387344645 -26.1042072
-0.370562992 -26.23133896
-0.39731343 -26.40983817
-0.404790818 -26.53900436
-0.373790917 -26.68278868
-0.381743063 -26.82506496
-0.418807703 -27.00528108
-0.43873735 -27.14230244
-0.421768697 -27.29032703
-0.399319065 -27.46097434
-0.422454821 -27.63493104
-0.447460668 -27.78301436
-0.432299029 -27.9539941
-0.415199031 -28.14604337
-0.436303989 -28.33448713
-0.470592251 -28.477564
-0.457826328 -28.6082131
-0.425156766 -28.78216064
-0.433142858 -28.93902729
-0.477779082 -29.10801632
-0.478741566 -29.24432801
-0.442817413 -29.38886202
-0.430456755 -29.55518818
-0.462187029 -29.73245252
-0.46943668 -29.86603652
-0.458371997 -30.04396992
-0.459860304 -30.19903105
-0.492707164 -30.38554332
-0.501620232 -30.53724668
-0.476867355 -30.7083025
-0.483658827 -30.88628439
-0.510570692 -31.06875348
-0.512017775 -31.20145813
-0.481425133 -31.34243929
-0.483012915 -31.53548122
-0.523981143 -31.71358926
-0.531860159 -31.84022573
-0.508366397 -32.02098833
-0.510982896 -32.20171101
-0.546903618 -32.35407681
-0.55171102 -32.49555886
-0.512822292 -32.67336012
-0.490930412 -32.82503714
-0.526441791 -33.02090518
-0.541540261 -33.14972676
-0.516241775 -33.35318779
-0.523628877 -33.52733695
-0.560024019 -33.72899827
-0.57055453 -33.89588692
-0.539929315 -34.10045407
-0.554191514 -34.28834662
-0.591422872 -34.44496433
-0.600341529 -34.58975291
-0.578707268 -34.8101131
-0.581219535 -34.98261174
-0.598095298 -35.14616598
-0.59015844 -35.30357106
-0.558485495 -35.49185523
-0.582323683 -35.69886592
-0.623850866 -35.86163592
-0.619626672 -36.02694419
-0.588392849 -36.20423436
-0.597310302 -36.40887098
-0.622103906 -36.57685876
-0.622720212 -36.77427279
-0.600636629 -36.96257203
-0.602833834 -37.16808852
-0.629911404 -37.36686803
-0.626149305 -37.57247459
-0.625752691 -37.80801368
-0.647637502 -38.04199025
-0.671554562 -38.23114541
-0.645305755 -38.47116744
-0.654867895 -38.67327933
-0.68923699 -38.87000531
-0.699475505 -39.05550499
-0.654734766 -39.27099733
-0.644945632 -39.46891141
-0.676858541 -39.66830719
-0.691203788 -39.87357227
-0.685976098 -40.08319122
-0.706008617 -40.2565521
-0.729786869 -40.42809041
-0.731517845 -40.62820216
-0.706787865 -40.83210042
-0.707360364 -41.05747709
-0.721663456 -41.23009691
-0.712976718 -41.47633159
-0.714148781 -41.69325556
-0.74264892 -41.94252031
-0.756177776 -42.1483157
-0.735691968 -42.36456579
-0.753742431 -42.55890412
-0.79871638 -42.74101561
-0.791659858 -42.94719264
-0.768328816 -43.13333853
-0.786125455 -43.32376586
-0.820349003 -43.49213016
-0.821003936 -43.65592795
-0.794457887 -43.81664289
-0.807358983 -43.97247092
-0.84295252 -44.11858378
-0.834423535 -44.25529276
-0.82574137 -44.41789526
-0.844858714 -44.58772667
-0.883465628 -44.74618121
-0.868252869 -44.92554896
-0.8359627 -45.07590247
-0.865836935 -45.24587936
-0.894141394 -45.40795158
-0.87878646 -45.59348662
-0.867513138 -45.74907528
-0.894089665 -45.95152229
-0.92051285 -46.09498434
-0.887279563 -46.32952821
-0.868409006 -46.50275682
-0.895678776 -46.71877433
-0.896611819 -46.91335294
-0.864999155 -47.09058971
-0.872118301 -47.28070601
-0.903914474 -47.46215105
-0.917890312 -47.59973372
-0.902146725 -47.76059509
-0.905396779 -47.9489296
-0.925144531 -48.15236062
-0.937872724 -48.29739481
-0.917390576 -48.45736834
-0.928930714 -48.62836593
-0.961291956 -48.80524813
-0.958146377 -48.97205277
-0.923487193 -49.18653688
-0.927726038 -49.33644187
-0.972969489 -49.52834615
-0.980597056 -49.70484069
-0.957288126 -49.89729404
-0.9684181 -50.07345036
-1.004591208 -50.23939279
-0.992893102 -50.41413685
-0.966014843 -50.5946778
-0.984313234 -50.78952275
-1.016691082 -50.98774269
-1.017937199 -51.17744932
-1.002025644 -51.36196985
-1.021635236 -51.58023088
-1.044202894 -51.74634912
-1.038842997 -51.95500789
-1.03644195 -52.13805888
-1.062407447 -52.32663311
-1.084673573 -52.47491839
-1.065784464 -52.66159647
-1.047902058 -52.81709465
-1.075962258 -53.03384272
-1.10157082 -53.20579866
-1.073646111 -53.39213873
-1.072697886 -53.5577728
-1.105894088 -53.75831963
-1.124390313 -53.90148169
-1.098118085 -54.09097129
-1.097279591 -54.26013346
-1.135053846 -54.48855571
-1.146451223 -54.67239231
-1.127263412 -54.88391228
-1.137279184 -55.08908823
-1.177507151 -55.2736248
-1.170962958 -55.43941722
-1.153057548 -55.64844079
-1.159432982 -55.86065426
-1.177485547 -56.05193791
-1.169463557 -56.23266952
-1.159679119 -56.42518855
-1.186691811 -56.62785731
-1.212209163 -56.82417308
-1.202038291 -57.01405497
-1.198521141 -57.19890669
-1.215173644 -57.41759315
-1.225235946 -57.59688858
-1.208181655 -57.7881941
-1.19982493 -57.96156319
-1.236116581 -58.18006129
-1.258605806 -58.37360955
-1.242559923 -58.58606047
-1.257438838 -58.77352498
-1.281939104 -58.9624034
-1.266867248 -59.16666768
-1.241607713 -59.38447602
-1.26927822 -59.59431637
-1.298520504 -59.76324681
-1.277680849 -59.95608535
-1.264002922 -60.1480075
-1.293164169 -60.36220986
-1.325428413 -60.53715997
-1.312882209 -60.75235772
-1.324266908 -60.92057094
-1.335113734 -61.11269408
-1.326939041 -61.27722193
-1.293483613 -61.44062136
-1.284173701 -61.59606808
-1.291607464 -61.74875922
-1.289777422 -61.87381281
-1.228671671 -62.02790435
-1.184819876 -62.127883
-1.132757646 -62.2642124
-1.080619712 -62.36140647
-0.955861739 -62.46848836
-0.860891458 -62.55709539
-0.762170259 -62.71051885
-0.693068722 -62.83000805
-0.5631546 -62.94984093
-0.47762194 -63.04952373
-0.400616377 -63.2133639
-0.341591878 -63.3379694
-0.220772112 -63.45381019
-0.106658207 -63.56946989
-0.024955865 -63.72079694
0.037387943 -63.84644352
0.1510886 -63.95531842
0.25181142 -64.06128422
0.331595391 -64.21465685
0.405329156 -64.33842758
0.536590558 -64.4646461
0.641270486 -64.56350915
0.724528128 -64.70918107
0.800965843 -64.85651317
0.898949935 -64.97634995
1.022877232 -65.09992312
1.127117455 -65.24460072
1.209950723 -65.38368563
1.321579152 -65.5233023
1.435693927 -65.6677918
1.533249739 -65.81775901
1.616384328 -65.95671613
1.742034229 -66.1049043
1.843880579 -66.22631811
1.951122421 -66.41196737
2.034781914 -66.55796537
2.164031394 -66.69866301
2.275271174 -66.80464024
2.384958327 -66.96881057
2.490800649 -67.13520293
2.609681812 -67.26465507
2.716329868 -67.40005816
2.808893845 -67.57330445
2.885107115 -67.69497246
3.012953068 -67.83541025
3.11114897 -67.99506033
3.202272116 -68.17435452
3.297571967 -68.34023445
3.440286793 -68.49497097
3.553018149 -68.64239169
3.6631689 -68.80545825
3.754552542 -68.94056772
3.888254055 -69.08343814
4.005430498 -69.26664881
4.11658646 -69.43720228
4.244364553 -69.58984512
4.377274607 -69.73118168
4.484628901 -69.90605354
4.571590103 -70.06035743
4.687546978 -70.19762054
4.791729374 -70.32767926
4.896161783 -70.49793043
4.981383867 -70.6511759
5.087136905 -70.79699256
5.239450214 -70.96101475
5.356960396 -71.1176228
5.454271329 -71.28153122
5.574759916 -71.44329071
5.720983055 -71.61046261
5.81448558 -71.78943426
5.899464952 -71.92572422
6.051571844 -72.09522179
6.171144431 -72.23020681
6.287907284 -72.42876036
6.394460502 -72.58834475
6.55947576 -72.7691875
6.664377115 -72.92161745
6.773549221 -73.08439261
6.916452204 -73.2526967
7.058855439 -73.41591988
7.16210007 -73.60377151
7.23247024 -73.74649448
7.374506372 -73.92067508
7.487871438 -74.06049156
7.612609919 -74.27587179
7.704621465 -74.43557321
7.865727821 -74.6192168
7.994207002 -74.79483914
8.121038655 -74.99673402
8.252933624 -75.16258237
8.410651712 -75.32042945
8.55537477 -75.51660641
8.658820315 -75.68911954
8.825756948 -75.88282547
8.964726244 -76.03944002
9.108235327 -76.23349152
9.238073407 -76.41975458
9.395439369 -76.60109676
9.539488154 -76.81545631
9.674433534 -77.02464615
9.838735216 -77.24464495
9.976910377 -77.43724092
10.11287249 -77.67219251
10.24789812 -77.863136
10.39204167 -78.04002397
10.52234752 -78.25860264
10.66412906 -78.44699062
10.81889346 -78.6112207
10.94168468 -78.82059999
11.06411286 -79.00939403
11.23071433 -79.20896552
11.36769703 -79.40786264
11.46899619 -79.59791998
11.54923452 -79.72390481
11.68993873 -79.87546844
11.81155517 -80.07576857
11.91337232 -80.25776812
12.06015285 -80.40846196
12.21423047 -80.59543416
12.32604095 -80.79630092
12.4238141 -80.93689435
12.57723522 -81.07057456
12.70554357 -81.24528096
12.79062057 -81.42174371
12.91420058 -81.58528605
13.06083729 -81.73785216
13.19216723 -81.92940366
13.27440088 -82.07774864
13.40465779 -82.23046962
13.52112331 -82.38431801
13.62364256 -82.59746574
13.71705553 -82.74920518
13.84871611 -82.89702643
13.96276733 -83.06204916
14.05968167 -83.23843537
14.17250697 -83.39189519
14.32762563 -83.55561645
14.41816469 -83.72204273
14.51746243 -83.88944369
14.66050386 -84.0415899
14.77412953 -84.19701652
14.87776838 -84.39958648
14.97862375 -84.53561036
15.13501638 -84.69034643
15.25594091 -84.84375347
15.35701742 -85.02668773
15.48964011 -85.1887597
15.60604305 -85.33513977
15.71268865 -85.52726028
15.81035277 -85.68986964
15.96229443 -85.87570041
16.08904159 -86.03806053
16.19819041 -86.22553983
16.29532938 -86.36854753
16.43320366 -86.49338369
16.52927395 -86.63541795
16.62394098 -86.82666047
16.73376897 -86.97847987
16.86734185 -87.1497952
16.98232466 -87.32242034
17.0927404 -87.50130972
17.23287842 -87.67040022
17.36439465 -87.82744937
17.469238 -87.99773008
17.57038244 -88.16624803
17.73359454 -88.32963549
17.85220109 -88.50406291
17.96093627 -88.69285772
18.10424186 -88.85709577
18.25238574 -89.02676611
18.36957962 -89.218943
18.46881144 -89.3801903
18.61917056 -89.55559011
18.73586297 -89.72119676
18.85171087 -89.92107614
18.97150496 -90.06460523
19.10671586 -90.21361479
19.21743113 -90.39967126
19.31283825 -90.58700036
19.45817779 -90.73340017
19.58351246 -90.86996868
19.705325 -91.06429212
19.78754449 -91.22006901
19.9382085 -91.42799296
20.04232005 -91.58118386
20.15671608 -91.77402625
20.26647971 -91.92050503
20.432608 -92.09561817
20.56137878 -92.28761749
20.66645528 -92.46996027
20.78004025 -92.63522056
20.92071657 -92.79797778
21.05978508 -92.99410399
21.17390153 -93.16155699
21.32928659 -93.34633662
21.44935436 -93.51349231
21.56055811 -93.72032142
21.65518458 -93.86899635
21.8154999 -94.04226869
21.93337105 -94.22600457
22.03330672 -94.39117355
22.17437389 -94.55003214
22.30493451 -94.70643228
22.41456361 -94.91133332
22.52565562 -95.06770876
22.66774991 -95.245452
22.78481895 -95.40646882
22.87533432 -95.56879224
23.01406074 -95.71951513
23.15304511 -95.87464761
23.27511737 -96.06165566
23.37470138 -96.21343521
23.52990384 -96.37679761
23.64101781 -96.52685801
23.74165663 -96.71436815
23.83378859 -96.8533452
23.98614828 -97.02183452
24.08078318 -97.17682387
24.16922318 -97.34906844
24.27781969 -97.49791168
24.41941865 -97.63757238
24.54305124 -97.81843129
24.64041744 -97.98797688
24.74962618 -98.14072088
24.8896651 -98.28728301
25.00033026 -98.46278579
25.09124422 -98.61420434
25.2204668 -98.75876272
25.33566714 -98.8998788
25.44040962 -99.09183332
25.52897204 -99.22868781
25.65529797 -99.36837422
25.77134742 -99.51530108
25.87895179 -99.71781979
25.9818843 -99.86320061
26.14196973 -100.0253075
26.26390211 -100.197402
26.35960703 -100.3763131
26.48987647 -100.5237374
26.6161178 -100.669649
26.73367042 -100.8792501
26.83640786 -101.032872
27.00758321 -101.208056
27.13147258 -101.3593124
27.260228 -101.5461372
27.3621742 -101.7174274
27.51060407 -101.8810585
27.64386032 -102.0510201
27.74648565 -102.2043632
27.89467295 -102.3355448
28.01101751 -102.4753987
28.10451133 -102.6524708
28.19028463 -102.8125591
28.30629338 -102.9538181
28.39540572 -103.1100002
28.4746973 -103.2793176
28.5557036 -103.3960997
28.67917546 -103.5041959
28.76697851 -103.6455037
28.84440702 -103.8114324
28.90204466 -103.9122291
29.02285568 -104.0062387
29.11511879 -104.1006538
29.19438527 -104.2502984
29.25290685 -104.3977183
29.35874847 -104.524217
29.48964965 -104.6565599
29.60213433 -104.8362882
29.68344743 -105.00045
29.84521698 -105.201542
29.95235266 -105.3443894
30.05754584 -105.5582344
30.13950995 -105.6964405
30.30513461 -105.870713
30.44087969 -106.0515733
30.56645041 -106.245371
30.70356976 -106.3940677
30.86102454 -106.5376497
30.98363062 -106.7372987
31.09527274 -106.906368
31.25845204 -107.0666862
31.37544496 -107.2173627
31.50178358 -107.4307419
31.61951389 -107.6002557
31.76908115 -107.7873892
31.89505186 -108.0124249
31.99965656 -108.1821862
32.16341676 -108.3411931
32.30585868 -108.5203197
32.43093402 -108.730655
32.56884188 -108.9220787
32.71197775 -109.1061227
32.83548082 -109.3294083
32.9317668 -109.5070156
33.08352734 -109.6847878
33.2107829 -109.8563396
33.34458807 -110.0684632
33.4507661 -110.2105629
33.61097879 -110.3537538
33.73942169 -110.5541869
33.84249071 -110.7490102
33.97385193 -110.9155079
34.11461299 -111.0882862
34.24048419 -111.2996309
34.34337352 -111.4857269
34.48819367 -111.6504505
34.61088553 -111.8144063
34.7406254 -112.0173051
34.88103552 -112.1996119
35.03917863 -112.3581721
35.16511965 -112.5441203
35.26565489 -112.7280763
35.42449011 -112.9217287
35.55703943 -113.0809754
35.69239566 -113.3042145
35.81890548 -113.4690719
35.98680625 -113.6188142
36.10340848 -113.7623254
36.21777523 -113.9493174
36.30676301 -114.0809959
36.4786849 -114.118976
36.58095717 -114.0359432
36.61768405 -113.9707114
36.6468796 -113.9309005
36.64104776 -113.8838549
36.63072272 -113.8547817
36.6875601 -113.7963926
36.81159566 -113.6698266
36.93196629 -113.5571735
37.13379362 -113.4399785
37.31408613 -113.3301722
37.48572088 -113.1696702
37.68721758 -113.058561
37.84512065 -112.982544
38.00615837 -112.8343803
38.16759713 -112.6975761
38.38154861 -112.5676618
38.53986248 -112.4702609
38.67065531 -112.3367777
38.83218727 -112.2207391
39.04656554 -112.1004817
39.24253333 -111.9777083
39.38115675 -111.8407203
39.58148566 -111.7068464
39.79444074 -111.5942324
39.9736167 -111.4766983
40.16469503 -111.3364115
40.34515033 -111.2396793
40.50636006 -111.1212765
40.64886977 -110.9678408
40.84686199 -110.8415302
41.0152594 -110.7415433
41.16671602 -110.5997015
41.3200834 -110.4643021
41.55714292 -110.3295959
41.75695855 -110.1929363
41.95857342 -110.0048945
42.1685077 -109.8540676
42.35423927 -109.727941
42.53913125 -109.5861327
42.72456705 -109.4419499
42.95836246 -109.2985496
43.13151727 -109.1483963
43.32465291 -108.9840246
43.52574815 -108.8327489
43.69272339 -108.722001
43.87010747 -108.5550812
44.07497768 -108.4129527
44.30468866 -108.2815438
44.47983853 -108.1205212
44.65503032 -107.9718685
44.91485168 -107.8251511
45.11593305 -107.6820596
45.29244052 -107.5175896
45.50264169 -107.370868
45.71539772 -107.2530149
45.876857 -107.1164686
46.01910513 -106.9746872
46.20236569 -106.8547666
46.38038436 -106.7459797
46.5821072 -106.5713021
46.76241382 -106.4237978
46.99639401 -106.2915867
47.18533185 -106.1654398
47.36220079 -106.0163118
47.57097505 -105.8814814
47.74446974 -105.7884336
47.93624111 -105.6094699
48.10427223 -105.4717625
48.31666083 -105.3441829
48.46267746 -105.2237829
48.59518643 -105.1005758
48.81222154 -104.981662
49.01388451 -104.8616512
49.19871117 -104.6937879
49.37005376 -104.5626461
49.59055857 -104.4483872
49.77446496 -104.3029974
49.9498644 -104.1282614
50.16306498 -103.9810677
50.33851287 -103.8677365
50.51266748 -103.6856857
50.687645 -103.5539371
50.90888308 -103.4546252
51.10851007 -103.3420195
51.30089147 -103.156516
51.49189436 -103.0465195
51.67657263 -102.9555971
51.87825579 -102.7989217
52.07200257 -102.6435648
52.27495475 -102.5182615
52.48169711 -102.4117024
52.66891216 -102.2565028
52.8821183 -102.1066267
53.06024688 -101.9987494
53.26117878 -101.8314208
53.46803686 -101.6832408
53.67504535 -101.5431047
53.86436393 -101.3845183
54.05306423 -101.2305951
54.27867299 -101.0992402
54.45234207 -100.9873514
54.63960713 -100.8198179
54.84043038 -100.6885479
55.05127983 -100.5555972
55.26579621 -100.4199038
55.47407738 -100.245623
55.70868938 -100.1064536
55.91738643 -99.97746825
56.11042496 -99.79730826
56.31343024 -99.63989142
56.56537493 -99.49296393
56.77882926 -99.34407056
56.95175935 -99.18816959
57.2200059 -99.03361162
57.42689301 -98.87798416
57.63355285 -98.70246014
57.86619965 -98.56527649
58.07326757 -98.42285959
58.26160851 -98.24041031
58.43948315 -98.10322214
58.64982788 -97.97971195
58.84884619 -97.80654132
59.0425393 -97.6493162
59.26546696 -97.52134482
59.44804557 -97.40890023
59.66259029 -97.24727164
59.86383761 -97.11150194
60.06694294 -96.99216057
60.2329442 -96.84517886
60.41456372 -96.68024639
60.61676145 -96.56258784
60.80789838 -96.45836371
60.98487437 -96.28490982
61.16727201 -96.14891272
61.36938193 -96.05061009
61.49462446 -95.97749952
61.64967264 -95.82408678
61.81090916 -95.71584301
61.93456678 -95.66466478
62.07651635 -95.5305263
62.22819039 -95.39776815
62.41755392 -95.31813223
62.57297684 -95.20801727
62.72769176 -95.06499134
62.89584776 -94.96213702
63.01730656 -94.8956925
63.17484239 -94.76124072
63.29715509 -94.68755217
63.44959379 -94.60964913
63.59981417 -94.50372184
63.70716778 -94.37370751
63.85343177 -94.28229937
63.98550352 -94.21609987
64.11655948 -94.11384983
64.24593305 -93.99336694
64.38196409 -93.89950232
64.53581188 -93.81917665
64.65498634 -93.71707245
64.75554143 -93.61116468
64.90389282 -93.5163245
65.03879672 -93.45481593
65.19156907 -93.31635128
65.32294332 -93.20151109
65.5081158 -93.11761495
65.65093285 -93.01970483
65.76730417 -92.90103219
65.95666479 -92.80353917
66.13421307 -92.70807507
66.31992633 -92.5500568
66.48625972 -92.44135095
66.6713202 -92.34758629
66.82207571 -92.23664797
66.96662725 -92.10044984
67.14937094 -92.0034046
67.35110958 -91.91954732
67.49983271 -91.79995024
67.63764924 -91.6643695
67.8133794 -91.55441394
67.95217041 -91.47502138
68.10566247 -91.33903431
68.24262901 -91.2477948
68.39828782 -91.14175554
68.50121735 -91.02273655
68.5717018 -90.87058617
68.58038932 -90.7832188
68.5582082 -90.70533197
68.49899437 -90.67560885
68.3968417 -90.69654187
68.34092193 -90.73823274
68.34407738 -90.72467232
68.25525512 -90.61505724
68.13692114 -90.50701482
68.04273177 -90.37440233
67.98475452 -90.22315671
67.89097053 -90.09842341
67.7515393 -89.95037461
67.64449965 -89.76937924
67.5624444 -89.604602
67.443695 -89.44685686
67.32101732 -89.30647224
67.19968182 -89.11169825
67.12728448 -88.96426017
67.00739094 -88.836569
66.89266505 -88.70890061
66.78621578 -88.52410129
66.70318071 -88.37226216
66.5449004 -88.21958624
66.45087338 -88.08304943
66.35257813 -87.88831019
66.26492128 -87.76000848
66.12495796 -87.62007094
66.02990309 -87.45280299
65.93771839 -87.25959448
65.829587 -87.11119759
65.68261237 -86.95698191
65.58333441 -86.78832674
65.51097964 -86.63114614
65.36432658 -86.48073842
65.24325232 -86.33851228
65.12758925 -86.12694216
65.03689285 -85.94844465
64.88960485 -85.77310318
64.76389836 -85.63176269
64.63459464 -85.42937919
64.54885771 -85.27327199
64.40531022 -85.10688087
64.30036365 -84.94782571
64.21693296 -84.77529563
64.09696603 -84.63518194
63.95391627 -84.46786872
63.85023299 -84.30078602
63.77333379 -84.14137376
63.6642447 -84.00994189
63.52845566 -83.87492601
63.40980933 -83.66904041
63.31818608 -83.49129147
63.17187298 -83.32639346
63.04661739 -83.16856951
62.96941697 -83.01667105
62.90841709 -82.90462903
62.80331964 -82.77958155
62.66575121 -82.62309773
62.55997755 -82.4489684
62.44615753 -82.29886493
62.29768426 -82.12500683
62.1835321 -81.96320047
62.08059888 -81.76759167
61.99853482 -81.63043621
61.83379484 -81.45632033
61.72633264 -81.29761331
61.62600747 -81.10614534
61.51663849 -80.94930889
61.38785245 -80.80749988
61.28503309 -80.63808936
61.21962739 -80.49216387
61.13611475 -80.36879964
61.00346709 -80.24611271
60.89613489 -80.09224344
60.8281599 -79.96029942
60.7135204 -79.81320675
60.61630131 -79.6840229
60.52115289 -79.49744835
60.4370392 -79.35227278
60.27707202 -79.19000392
60.17087464 -79.04548819
60.08300659 -78.85673487
60.00914575 -78.72974487
59.86069323 -78.56427541
59.7484614 -78.39239911
59.65709969 -78.23030589
59.52219662 -78.04679149
59.39118464 -77.88544623
59.26938311 -77.68427606
59.17364928 -77.51355704
59.00612546 -77.34300151
58.87028164 -77.16989403
58.76466938 -76.97703036
58.63032947 -76.79872474
58.47470079 -76.63311427
58.34307106 -76.40042911
58.23434333 -76.22454449
58.0798767 -76.02679762
57.95671737 -75.85711438
57.85872177 -75.68135834
57.7482684 -75.54123876
57.60409967 -75.38453369
57.48436538 -75.20995471
57.40191722 -75.04971444
57.28695027 -74.88081238
57.15033903 -74.71914928
57.03171025 -74.52887883
56.94836533 -74.33689409
56.81056291 -74.17052147
56.66993838 -74.01470847
56.53932433 -73.80625773
56.42756242 -73.6365374
56.27447148 -73.46427134
56.18134632 -73.31396215
56.0811932 -73.13011223
55.99208109 -72.97689367
55.83815124 -72.80817072
55.71486598 -72.64418157
55.61370913 -72.46103621
55.51690771 -72.3322085
55.35896977 -72.14670636
55.24828089 -72.00031502
55.12379838 -71.78260429
55.02112103 -71.6304249
54.85944361 -71.43823683
54.7260693 -71.24113472
54.6377694 -71.08676721
54.53207525 -70.94085814
54.41429415 -70.82054749
54.30860106 -70.65475997
54.22084259 -70.4942111
54.10118903 -70.33831588
53.97984857 -70.17873199
53.86435522 -69.99016751
53.77517418 -69.82179078
53.62722174 -69.64960889
53.51472642 -69.48043558
53.41971202 -69.30553762
53.30121366 -69.15850919
53.16122158 -69.00093546
53.04629583 -68.81558118
52.94574105 -68.64617722
52.82282632 -68.49870781
52.69426446 -68.35450057
52.57927947 -68.17069767
52.48869304 -68.02263864
52.3681 -67.87647401
52.24263879 -67.73449777
52.12807335 -67.5614765
52.05243331 -67.42262343
51.93798332 -67.30687946
51.85822865 -67.20069471
51.80125109 -67.04780997
51.7444093 -66.93252124
51.62691893 -66.79459061
51.53742784 -66.67758808
51.46803802 -66.53597714
51.40968521 -66.44325753
51.29953499 -66.33114844
51.20958365 -66.19769641
51.14766818 -66.06628113
51.08619782 -65.94467432
50.95948282 -65.81783028
50.8602478 -65.66897668
50.78381866 -65.51763225
50.70602892 -65.40797239
50.5761706 -65.29158821
50.49917058 -65.18411574
50.44658112 -65.04506164
50.38642226 -64.94286553
50.26545171 -64.83151113
50.1778185 -64.71395363
50.10217958 -64.57441664
50.04841488 -64.45800073
49.93582652 -64.33671691
49.84198506 -64.23281307
49.7603883 -64.08587595
49.67740229 -63.96446897
49.55915763 -63.83345357
49.48734153 -63.72088956
49.41488291 -63.56973694
49.32869117 -63.45649626
49.21151987 -63.34808796
49.12723387 -63.24178374
49.06638105 -63.09259581
48.99789765 -62.96769874
48.88932927 -62.84753276
48.79091127 -62.75238577
48.70769755 -62.60958529
48.65655355 -62.50382971
48.54657194 -62.37259859
48.46018358 -62.27785742
48.37831754 -62.13850944
48.31882783 -62.01123874
48.24133258 -61.92031144
48.14821895 -61.86209173
48.07048264 -61.75650373
48.03389099 -61.6393391
47.99216531 -61.56659632
47.87686637 -61.46055068
47.79726032 -61.38594344
47.74218229 -61.24338434
47.71576322 -61.14198293
47.6373867 -61.0414689
47.51572952 -60.95286421
47.44224295 -60.86914921
47.37671654 -60.71662285
47.34341556 -60.61018076
47.23927911 -60.48899647
47.14319598 -60.3994853
47.06159972 -60.26216824
47.00365838 -60.12004803
46.90914287 -59.99521581
46.79109327 -59.89360371
46.69613619 -59.7768505
46.6256704 -59.59479056
46.55392099 -59.4670124
46.43464977 -59.32525826
46.34200555 -59.21749998
46.24301424 -59.04136171
46.17260484 -58.9277353
46.04198392 -58.79793217
45.94810655 -58.70114154
45.85459694 -58.54470804
45.79483047 -58.39218468
45.70034037 -58.26046743
45.58234463 -58.13785117
45.48855244 -58.0045998
45.41042238 -57.84740892
45.32890964 -57.73481659
45.20051672 -57.5973384
45.10051488 -57.47176808
45.01233382 -57.29733732
44.95656117 -57.18304482
44.81554346 -57.03027944
44.71976473 -56.91643068
44.61294761 -56.73590945
44.54449236 -56.59687806
44.40487948 -56.45329348
44.29605539 -56.33178018
44.20243309 -56.16249185
44.1515191 -56.04797774
44.01508359 -55.91256483
43.91193706 -55.79664892
43.8174514 -55.62085861
43.75512105 -55.5061996
43.63275053 -55.38516277
43.52861098 -55.30516399
43.40805559 -55.19404421
