0.0050201416015625 0.0057525634765625
0.0052032470703125 0.0044403076171875
0.0029144287109375 -0.001251220703125
0.0058135986328125 -6.103515625e-05
0.0010223388671875 -0.0032806396484375
-0.001678466796875 -0.0025177001953125
0.001617431640625 0.0163726806640625
0.003875732421875 0.002197265625
0.002197265625 -0.002685546875
0.0041351318359375 0.0006103515625
0.0042266845703125 0.001708984375
0.0030975341796875 -0.00067138671875
0.00567626953125 0.0001220703125
0.00634765625 0.0015869140625
0.0020599365234375 0.0006561279296875
0.0055084228515625 -0.0016021728515625
0.0036468505859375 -0.0006103515625
0.00189208984375 -0.0036468505859375
0.019561767578125 -0.0494384765625
0.05657958984375 -0.1571502685546875
0.098480224609375 -0.3326263427734375
0.07861328125 -0.56207275390625
0.04974365234375 -0.776580810546875
0.062042236328125 -0.9468994140625
0.0666351318359375 -1.06719970703125
0.006103515625 -1.23193359375
-0.022064208984375 -1.3892364501953125
0.012298583984375 -1.6273956298828125
0.011474609375 -1.8426513671875
-0.017822265625 -2.0424652099609375
0.01507568359375 -2.251953125
0.047271728515625 -2.44366455078125
-0.0033721923828125 -2.6680145263671875
-0.01348876953125 -2.85882568359375
0.00933837890625 -3.0640869140625
-0.0035858154296875 -3.249267578125
-0.04327392578125 -3.4432830810546875
-0.0352935791015625 -3.661956787109375
-0.01678466796875 -3.8478240966796875
-0.0565185546875 -4.0630035400390625
-0.0806732177734375 -4.2550048828125
-0.060211181640625 -4.45269775390625
-0.058807373046875 -4.6303558349609375
-0.0948486328125 -4.7740478515625
-0.099761962890625 -4.89697265625
-0.0603485107421875 -5.0684356689453125
-0.059661865234375 -5.2151641845703125
-0.1105194091796875 -5.3816680908203125
-0.12713623046875 -5.4998779296875
-0.094696044921875 -5.6517791748046875
-0.0701904296875 -5.8076629638671875
-0.10821533203125 -5.9911651611328125
-0.115234375 -6.12103271484375
-0.08544921875 -6.29443359375
-0.0876007080078125 -6.434356689453125
-0.12701416015625 -6.6386871337890625
-0.14276123046875 -6.784210205078125
-0.0943450927734375 -6.95538330078125
-0.0763092041015625 -7.1241302490234375
-0.104248046875 -7.28558349609375
-0.1071624755859375 -7.437103271484375
-0.082763671875 -7.6301116943359375
-0.1021728515625 -7.80462646484375
-0.15185546875 -7.9818115234375
-0.1578521728515625 -8.1483001708984375
-0.13543701171875 -8.3203125
-0.147796630859375 -8.4712982177734375
-0.1906585693359375 -8.659515380859375
-0.186859130859375 -8.828338623046875
-0.1727142333984375 -9.0057525634765625
-0.1803131103515625 -9.1902313232421875
-0.21099853515625 -9.3584136962890625
-0.19366455078125 -9.53656005859375
-0.1487884521484375 -9.69866943359375
-0.146484375 -9.8616943359375
-0.17230224609375 -10.0254364013671875
-0.17291259765625 -10.184722900390625
-0.154052734375 -10.34033203125
-0.168701171875 -10.502655029296875
-0.204559326171875 -10.658905029296875
-0.203125 -10.8059234619140625
-0.1797027587890625 -10.9813232421875
-0.1655731201171875 -11.1139678955078125
-0.205657958984375 -11.2674560546875
-0.2291107177734375 -11.3788909912109375
-0.221893310546875 -11.5298614501953125
-0.2286376953125 -11.6713104248046875
-0.25067138671875 -11.82720947265625
-0.26104736328125 -11.9383087158203125
-0.2460784912109375 -12.070404052734375
-0.2246551513671875 -12.1976470947265625
-0.2289276123046875 -12.3402252197265625
-0.2562713623046875 -12.4979248046875
-0.2634124755859375 -12.61883544921875
-0.24163818359375 -12.7624969482421875
-0.2282257080078125 -12.87664794921875
-0.2568206787109375 -13.0358734130859375
-0.26995849609375 -13.159332275390625
-0.24212646484375 -13.3121337890625
-0.2284698486328125 -13.4707183837890625
-0.246795654296875 -13.63134765625
-0.2798919677734375 -13.78924560546875
-0.2906646728515625 -13.9507293701171875
-0.28533935546875 -14.130615234375
-0.29522705078125 -14.3145294189453125
-0.33477783203125 -14.4639739990234375
-0.3235626220703125 -14.6033782958984375
-0.2915191650390625 -14.75738525390625
-0.2734375 -14.87677001953125
-0.308349609375 -15.05413818359375
-0.32891845703125 -15.20843505859375
-0.322906494140625 -15.3886260986328125
-0.3086090087890625 -15.5397491455078125
-0.3314361572265625 -15.7356719970703125
-0.3594970703125 -15.875701904296875
-0.3443145751953125 -16.0592498779296875
-0.3222808837890625 -16.248382568359375
-0.330474853515625 -16.4240875244140625
-0.3463134765625 -16.587646484375
-0.3375091552734375 -16.7635955810546875
-0.3285064697265625 -16.92425537109375
-0.3463134765625 -17.1121978759765625
-0.3939208984375 -17.28741455078125
-0.40386962890625 -17.44708251953125
-0.3792877197265625 -17.6124267578125
-0.378753662109375 -17.790130615234375
-0.4196014404296875 -17.9757080078125
-0.4269256591796875 -18.1302947998046875
-0.4025115966796875 -18.3243255615234375
-0.397918701171875 -18.499359130859375
-0.42901611328125 -18.6987457275390625
-0.4380340576171875 -18.85205078125
-0.4237518310546875 -19.061279296875
-0.408355712890625 -19.214569091796875
-0.4379730224609375 -19.4052734375
-0.463134765625 -19.5418701171875
-0.447418212890625 -19.74102783203125
-0.43890380859375 -19.9275360107421875
-0.463226318359375 -20.1189727783203125
-0.4759979248046875 -20.2680206298828125
-0.464019775390625 -20.43804931640625
-0.427825927734375 -20.5861663818359375
-0.4384765625 -20.79547119140625
-0.45947265625 -20.95941162109375
-0.46392822265625 -21.1484375
-0.44476318359375 -21.335601806640625
-0.4595947265625 -21.5084228515625
-0.4928436279296875 -21.685546875
-0.500823974609375 -21.8459625244140625
-0.48248291015625 -22.0221405029296875
-0.4805145263671875 -22.18865966796875
-0.5168914794921875 -22.405731201171875
-0.5481109619140625 -22.56353759765625
-0.53253173828125 -22.7772064208984375
-0.53948974609375 -22.9473114013671875
-0.564727783203125 -23.1296844482421875
-0.554534912109375 -23.290496826171875
-0.5198974609375 -23.4996185302734375
-0.518707275390625 -23.6417236328125
-0.55523681640625 -23.81866455078125
-0.55499267578125 -23.977630615234375
-0.5400543212890625 -24.163238525390625
-0.5416717529296875 -24.31231689453125
-0.573089599609375 -24.52606201171875
-0.5809326171875 -24.67864990234375
-0.565704345703125 -24.8919525146484375
-0.55792236328125 -25.0656585693359375
-0.58575439453125 -25.2671661376953125
-0.60003662109375 -25.417083740234375
-0.58612060546875 -25.6082763671875
-0.566925048828125 -25.7775115966796875
-0.5947418212890625 -25.9680633544921875
-0.61962890625 -26.10455322265625
-0.6165924072265625 -26.2902679443359375
-0.6154022216796875 -26.4452362060546875
-0.6344757080078125 -26.637481689453125
-0.6732177734375 -26.8287811279296875
-0.6728057861328125 -27.015045166015625
-0.658233642578125 -27.20635986328125
-0.6679229736328125 -27.3563690185546875
-0.6905975341796875 -27.5561676025390625
-0.696746826171875 -27.708770751953125
-0.6907958984375 -27.9384765625
-0.6922454833984375 -28.1248321533203125
-0.70489501953125 -28.316558837890625
-0.712677001953125 -28.4510650634765625
-0.70220947265625 -28.6400146484375
-0.7021636962890625 -28.8202362060546875
-0.7306365966796875 -29.0111541748046875
-0.7568817138671875 -29.16717529296875
-0.756500244140625 -29.3514862060546875
-0.73712158203125 -29.5125579833984375
-0.74188232421875 -29.7103424072265625
-0.7667083740234375 -29.8752288818359375
-0.75927734375 -30.0207366943359375
-0.73370361328125 -30.2099456787109375
-0.7426910400390625 -30.3668060302734375
-0.7980499267578125 -30.577178955078125
-0.8121337890625 -30.7355804443359375
-0.786041259765625 -30.948486328125
-0.7790069580078125 -31.1287994384765625
-0.823944091796875 -31.3635406494140625
-0.83673095703125 -31.4998016357421875
-0.7993011474609375 -31.7152862548828125
-0.7855224609375 -31.866943359375
-0.8037872314453125 -32.0493927001953125
-0.82183837890625 -32.2196044921875
-0.8083038330078125 -32.442901611328125
-0.80126953125 -32.6424407958984375
-0.829193115234375 -32.8610992431640625
-0.8526763916015625 -33.04010009765625
-0.85076904296875 -33.2510528564453125
-0.8284149169921875 -33.435638427734375
-0.8619232177734375 -33.6716766357421875
-0.8992462158203125 -33.8291473388671875
-0.9004364013671875 -34.0050201416015625
-0.88531494140625 -34.2276458740234375
-0.90460205078125 -34.4584808349609375
-0.9218292236328125 -34.644989013671875
-0.9021453857421875 -34.868377685546875
-0.8827667236328125 -35.0672454833984375
-0.9043426513671875 -35.298248291015625
-0.9225006103515625 -35.503387451171875
-0.903228759765625 -35.7766571044921875
-0.90411376953125 -35.981292724609375
-0.936279296875 -36.2120513916015625
-0.9558868408203125 -36.39495849609375
-0.9612884521484375 -36.6362152099609375
-0.97998046875 -36.854766845703125
-1.0099945068359375 -37.0721435546875
-1.0009765625 -37.2920379638671875
-0.9756317138671875 -37.4915618896484375
-0.9934539794921875 -37.69598388671875
-1.028076171875 -37.914794921875
-1.037353515625 -38.1219329833984375
-1.01190185546875 -38.335723876953125
-1.01812744140625 -38.5593719482421875
-1.04534912109375 -38.74798583984375
-1.0497589111328125 -38.9534759521484375
-1.0485076904296875 -39.1932220458984375
-1.07098388671875 -39.439300537109375
-1.0989532470703125 -39.65283203125
-1.0888214111328125 -39.878509521484375
-1.0666656494140625 -40.1014862060546875
-1.1011199951171875 -40.312530517578125
-1.130523681640625 -40.4866485595703125
-1.12725830078125 -40.6934051513671875
-1.1131591796875 -40.9090423583984375
-1.12969970703125 -41.152587890625
-1.1460723876953125 -41.356201171875
-1.1347808837890625 -41.594573974609375
-1.1293182373046875 -41.8048858642578125
-1.1717987060546875 -42.0667572021484375
-1.20245361328125 -42.24749755859375
-1.1995849609375 -42.4782562255859375
-1.195831298828125 -42.693389892578125
-1.2309722900390625 -42.9264373779296875
-1.2408447265625 -43.12847900390625
-1.2220611572265625 -43.3701019287109375
-1.235626220703125 -43.567413330078125
-1.261962890625 -43.8196868896484375
-1.2562103271484375 -44.034393310546875
-1.2304229736328125 -44.2712554931640625
-1.2360076904296875 -44.48101806640625
-1.271759033203125 -44.72503662109375
-1.2783203125 -44.9473419189453125
-1.2656707763671875 -45.1853485107421875
-1.289794921875 -45.39093017578125
-1.3200531005859375 -45.6182861328125
-1.3135833740234375 -45.8604736328125
-1.322906494140625 -46.0646209716796875
-1.3559112548828125 -46.2615203857421875
-1.3756103515625 -46.4289398193359375
-1.34979248046875 -46.652069091796875
-1.3399658203125 -46.8683319091796875
-1.3800048828125 -47.1107635498046875
-1.4005279541015625 -47.2943115234375
-1.3849029541015625 -47.5176544189453125
-1.3731842041015625 -47.7013092041015625
-1.3874664306640625 -47.916259765625
-1.401580810546875 -48.1028289794921875
-1.40179443359375 -48.349609375
-1.4003143310546875 -48.5436859130859375
-1.418426513671875 -48.7855224609375
-1.4259185791015625 -49.005767822265625
-1.42431640625 -49.2492218017578125
-1.4457550048828125 -49.45050048828125
-1.4985809326171875 -49.67340087890625
-1.50933837890625 -49.8356781005859375
-1.4740447998046875 -50.0424346923828125
-1.4708251953125 -50.2350311279296875
-1.49859619140625 -50.4437713623046875
-1.48614501953125 -50.640594482421875
-1.46331787109375 -50.8633880615234375
-1.4732666015625 -51.085968017578125
-1.509368896484375 -51.3213348388671875
-1.530975341796875 -51.5345916748046875
-1.528106689453125 -51.7847747802734375
-1.5736541748046875 -51.9991455078125
-1.584930419921875 -52.20794677734375
-1.54937744140625 -52.4322509765625
-1.5536651611328125 -52.654144287109375
-1.583587646484375 -52.8685302734375
-1.59124755859375 -53.0620880126953125
-1.5805206298828125 -53.3238372802734375
-1.5892181396484375 -53.5362396240234375
-1.619293212890625 -53.769073486328125
-1.6297607421875 -54.00408935546875
-1.6315155029296875 -54.21673583984375
-1.6677703857421875 -54.4716033935546875
-1.6935272216796875 -54.668548583984375
-1.6693267822265625 -54.932403564453125
-1.666839599609375 -55.11895751953125
-1.6986846923828125 -55.35693359375
-1.7001800537109375 -55.53076171875
-1.6688690185546875 -55.80450439453125
-1.67694091796875 -56.0218048095703125
-1.7192535400390625 -56.2253875732421875
-1.7438812255859375 -56.420501708984375
-1.74713134765625 -56.680633544921875
-1.7689056396484375 -56.906402587890625
-1.7893829345703125 -57.0845184326171875
-1.7788543701171875 -57.3134918212890625
-1.78533935546875 -57.5622711181640625
-1.81927490234375 -57.75091552734375
-1.8092498779296875 -57.91912841796875
-1.78155517578125 -58.14178466796875
-1.799346923828125 -58.3738250732421875
-1.8241729736328125 -58.551239013671875
-1.8187103271484375 -58.7677154541015625
-1.8134765625 -58.9821624755859375
-1.8489532470703125 -59.218109130859375
-1.8727874755859375 -59.4328460693359375
-1.8492584228515625 -59.6721038818359375
-1.85858154296875 -59.8655242919921875
-1.8912353515625 -60.0963897705078125
-1.881561279296875 -60.3183135986328125
-1.8682708740234375 -60.5401458740234375
-1.88861083984375 -60.7501373291015625
-1.9198150634765625 -60.9280242919921875
-1.902740478515625 -61.1434478759765625
-1.8963470458984375 -61.34381103515625
-1.9151611328125 -61.608489990234375
-1.9232330322265625 -61.832611083984375
-1.8505401611328125 -62.080413818359375
-1.814453125 -62.22235107421875
-1.77532958984375 -62.354522705078125
-1.731109619140625 -62.44122314453125
-1.6397705078125 -62.5435943603515625
-1.5306396484375 -62.652069091796875
-1.4218902587890625 -62.811920166015625
-1.3217010498046875 -62.988128662109375
-1.2228851318359375 -63.1181488037109375
-1.102142333984375 -63.25738525390625
-1.0053558349609375 -63.41790771484375
-0.921722412109375 -63.5923309326171875
-0.80572509765625 -63.7273406982421875
-0.69049072265625 -63.8471832275390625
-0.5940704345703125 -63.9906463623046875
-0.536376953125 -64.1204376220703125
-0.4629974365234375 -64.239776611328125
-0.3354339599609375 -64.3553924560546875
-0.239013671875 -64.484466552734375
-0.15374755859375 -64.6502532958984375
-0.075439453125 -64.7703094482421875
0.0369110107421875 -64.8961029052734375
0.122314453125 -65.0146026611328125
0.22259521484375 -65.1881103515625
0.30419921875 -65.2863616943359375
0.4404296875 -65.4229888916015625
0.5537109375 -65.565399169921875
0.6507568359375 -65.7396697998046875
0.725616455078125 -65.8460540771484375
0.8410186767578125 -65.9987640380859375
0.9119873046875 -66.1122589111328125
1.010711669921875 -66.2748870849609375
1.07940673828125 -66.3820953369140625
1.18701171875 -66.504241943359375
1.2799072265625 -66.61236572265625
1.389434814453125 -66.766937255859375
1.4560699462890625 -66.8810577392578125
1.5478515625 -67.00732421875
1.666595458984375 -67.1299591064453125
1.76385498046875 -67.249176025390625
1.8466796875 -67.406036376953125
1.91815185546875 -67.5078277587890625
2.0433197021484375 -67.6369171142578125
2.11456298828125 -67.741912841796875
2.1960906982421875 -67.886138916015625
2.25006103515625 -67.9938812255859375
2.32855224609375 -68.0988311767578125
2.4261474609375 -68.1910247802734375
2.5019073486328125 -68.3066864013671875
2.5791015625 -68.44970703125
2.6310882568359375 -68.5181121826171875
2.7403411865234375 -68.6510009765625
2.8123931884765625 -68.734954833984375
2.8808441162109375 -68.8505706787109375
2.9540557861328125 -68.9865570068359375
3.000762939453125 -69.067474365234375
3.1081695556640625 -69.199859619140625
3.2012786865234375 -69.2978057861328125
3.2969207763671875 -69.4343719482421875
3.377166748046875 -69.5790557861328125
3.4449005126953125 -69.673187255859375
3.5584259033203125 -69.7970733642578125
3.6285247802734375 -69.9159088134765625
3.7285003662109375 -70.0868682861328125
3.797637939453125 -70.2030029296875
3.8795928955078125 -70.3038787841796875
3.99005126953125 -70.4236297607421875
4.07672119140625 -70.5385589599609375
4.1522064208984375 -70.697357177734375
4.20806884765625 -70.8159027099609375
4.32733154296875 -70.9499359130859375
4.4253997802734375 -71.06146240234375
4.511505126953125 -71.2095184326171875
4.578521728515625 -71.364105224609375
4.66644287109375 -71.4897308349609375
4.8018798828125 -71.62554931640625
4.8748321533203125 -71.7309112548828125
4.960113525390625 -71.8682403564453125
5.00872802734375 -71.9745941162109375
5.100982666015625 -72.0860443115234375
5.2212677001953125 -72.1922149658203125
5.3111419677734375 -72.3299407958984375
5.385528564453125 -72.49072265625
5.4529876708984375 -72.59967041015625
5.59710693359375 -72.7458953857421875
5.6896820068359375 -72.869720458984375
5.7940216064453125 -73.0411834716796875
5.86651611328125 -73.1655731201171875
6.004425048828125 -73.3106689453125
6.1104736328125 -73.4183349609375
6.2177581787109375 -73.58217620849609375
6.2942657470703125 -73.7358551025390625
6.3787689208984375 -73.84163665771484375
6.5115509033203125 -73.96251678466796875
6.5991058349609375 -74.07186126708984375
6.684967041015625 -74.26247406005859375
6.7354278564453125 -74.39351654052734375
6.8350677490234375 -74.5090484619140625
6.94305419921875 -74.6275177001953125
7.0345306396484375 -74.77945709228515625
7.1204376220703125 -74.9384918212890625
7.1988067626953125 -75.01287841796875
7.3173370361328125 -75.13674163818359375
7.40692138671875 -75.24987030029296875
7.5178070068359375 -75.4394073486328125
7.5918731689453125 -75.55385589599609375
7.6983184814453125 -75.67116546630859375
7.818267822265625 -75.80155181884765625
7.91619873046875 -75.9392852783203125
8.00213623046875 -76.0928497314453125
8.0587921142578125 -76.18051910400390625
8.1926116943359375 -76.3383331298828125
8.274810791015625 -76.4468536376953125
8.3653411865234375 -76.60546112060546875
8.43121337890625 -76.72835540771484375
8.533447265625 -76.85214996337890625
8.6525726318359375 -76.99214935302734375
8.7291107177734375 -77.10649871826171875
8.815216064453125 -77.28326416015625
8.8788909912109375 -77.37639617919921875
8.988037109375 -77.5155029296875
9.0992279052734375 -77.63385009765625
9.1942138671875 -77.77135467529296875
9.274200439453125 -77.91812896728515625
9.351806640625 -78.0283203125
9.484771728515625 -78.17247772216796875
9.5665283203125 -78.2809600830078125
9.66729736328125 -78.45662689208984375
9.7245635986328125 -78.5675201416015625
9.8445892333984375 -78.7039794921875
9.9594268798828125 -78.83180999755859375
10.050323486328125 -78.99337005615234375
10.1367950439453125 -79.146484375
10.217681884765625 -79.27099609375
10.3447113037109375 -79.40262603759765625
10.424224853515625 -79.50890350341796875
10.49810791015625 -79.66225433349609375
10.552490234375 -79.7727813720703125
10.667999267578125 -79.89422607421875
10.794708251953125 -80.00975799560546875
10.8705902099609375 -80.14061737060546875
10.9474945068359375 -80.29132080078125
11.0196380615234375 -80.4046630859375
11.1627044677734375 -80.537353515625
11.246612548828125 -80.66863250732421875
11.340972900390625 -80.85735321044921875
11.4193878173828125 -80.97476959228515625
11.557891845703125 -81.1110992431640625
11.6547393798828125 -81.22866058349609375
11.75909423828125 -81.42769622802734375
11.8505706787109375 -81.5667877197265625
11.963531494140625 -81.68668365478515625
12.05169677734375 -81.7980499267578125
12.1517333984375 -81.9910888671875
12.24249267578125 -82.13243865966796875
12.352935791015625 -82.2738800048828125
12.472198486328125 -82.38890838623046875
12.567413330078125 -82.53910064697265625
12.648712158203125 -82.7036895751953125
12.75146484375 -82.8333282470703125
12.8961944580078125 -82.98026275634765625
12.9890899658203125 -83.10063934326171875
13.0742950439453125 -83.2701416015625
13.140411376953125 -83.3905029296875
13.2733154296875 -83.54305267333984375
13.371337890625 -83.66060638427734375
13.465850830078125 -83.82228851318359375
13.542877197265625 -83.97655487060546875
13.6358642578125 -84.10524749755859375
13.764190673828125 -84.26229095458984375
13.863037109375 -84.40843963623046875
13.965606689453125 -84.58282470703125
14.06292724609375 -84.70946502685546875
14.1938018798828125 -84.8491973876953125
14.2823486328125 -84.9747467041015625
14.3785400390625 -85.1375885009765625
14.447052001953125 -85.23923492431640625
14.55126953125 -85.38079833984375
14.6872406005859375 -85.52365875244140625
14.8094482421875 -85.68184661865234375
14.8978271484375 -85.84886932373046875
14.9764251708984375 -85.958740234375
15.117706298828125 -86.0996246337890625
15.2079925537109375 -86.2101593017578125
15.315948486328125 -86.39310455322265625
15.3863067626953125 -86.50656890869140625
15.51806640625 -86.67252349853515625
15.6177825927734375 -86.79166412353515625
15.7091064453125 -86.9561767578125
15.797149658203125 -87.10520172119140625
15.8824462890625 -87.21759033203125
16.007080078125 -87.3687896728515625
16.08978271484375 -87.4850921630859375
16.17388916015625 -87.64699554443359375
16.25518798828125 -87.7649688720703125
16.3771514892578125 -87.9205474853515625
16.48870849609375 -88.04886627197265625
16.58453369140625 -88.20182037353515625
16.673614501953125 -88.33168792724609375
16.78375244140625 -88.47713470458984375
16.901519775390625 -88.5976104736328125
16.978790283203125 -88.7339935302734375
17.0702667236328125 -88.89971923828125
17.146148681640625 -89.00592041015625
17.2741241455078125 -89.1461181640625
17.37554931640625 -89.26969146728515625
17.471343994140625 -89.42940521240234375
17.5435791015625 -89.5654296875
17.647613525390625 -89.68670654296875
17.7601318359375 -89.80228424072265625
17.8191986083984375 -89.90280914306640625
17.910400390625 -90.07346343994140625
17.97003173828125 -90.1779327392578125
18.0710296630859375 -90.2989044189453125
18.1994476318359375 -90.42392730712890625
18.2805938720703125 -90.53993988037109375
18.35296630859375 -90.6837158203125
18.4133148193359375 -90.7822113037109375
18.5326690673828125 -90.9072113037109375
18.6334075927734375 -91.0283355712890625
18.712158203125 -91.17867279052734375
18.78076171875 -91.3117218017578125
18.8487396240234375 -91.41599273681640625
18.9815673828125 -91.55489349365234375
19.0768585205078125 -91.66316986083984375
19.17547607421875 -91.82619476318359375
19.2562255859375 -91.94777679443359375
19.342071533203125 -92.0516815185546875
19.470733642578125 -92.18625640869140625
19.5428314208984375 -92.30973052978515625
19.618927001953125 -92.46163177490234375
19.672637939453125 -92.5689849853515625
19.774932861328125 -92.66963958740234375
19.89373779296875 -92.77978515625
19.9892578125 -92.90450286865234375
20.063507080078125 -93.0749969482421875
20.11395263671875 -93.17996978759765625
20.2175140380859375 -93.3056488037109375
20.33306884765625 -93.418701171875
20.4254913330078125 -93.5732879638671875
20.49542236328125 -93.71588134765625
20.54925537109375 -93.8180694580078125
20.66802978515625 -93.9701080322265625
20.7607269287109375 -94.0821685791015625
20.8619384765625 -94.26080322265625
20.94757080078125 -94.37949371337890625
21.04327392578125 -94.50262451171875
21.167755126953125 -94.63531494140625
21.2368011474609375 -94.7611083984375
21.3160400390625 -94.93900299072265625
21.3495941162109375 -95.02756500244140625
21.43487548828125 -95.12109375
21.5318145751953125 -95.2158966064453125
21.6004180908203125 -95.29571533203125
21.66412353515625 -95.4239044189453125
21.7113037109375 -95.53153228759765625
21.72869873046875 -95.57578277587890625
21.8036956787109375 -95.6775054931640625
21.9011993408203125 -95.77097320556640625
21.9694366455078125 -95.8701171875
22.046661376953125 -96.03125
22.104888916015625 -96.12709808349609375
22.2243194580078125 -96.24420166015625
22.34124755859375 -96.3421630859375
22.43060302734375 -96.47226715087890625
22.4972686767578125 -96.6226654052734375
22.5756683349609375 -96.7383270263671875
22.7077178955078125 -96.8776702880859375
22.7920684814453125 -96.9852294921875
22.8900909423828125 -97.1575775146484375
22.9512786865234375 -97.27304840087890625
23.04693603515625 -97.40096282958984375
23.1802978515625 -97.5300445556640625
23.2714691162109375 -97.67978668212890625
23.372314453125 -97.84210205078125
23.43475341796875 -97.9394989013671875
23.5607452392578125 -98.0518951416015625
23.6513214111328125 -98.15091705322265625
23.7483978271484375 -98.30265045166015625
23.80865478515625 -98.4513092041015625
23.90069580078125 -98.56931304931640625
24.0321044921875 -98.6914520263671875
24.13983154296875 -98.80420684814453125
24.227691650390625 -98.9703369140625
24.29193115234375 -99.0934600830078125
24.39801025390625 -99.21318817138671875
24.5149993896484375 -99.3358154296875
24.6021575927734375 -99.47724151611328125
24.68218994140625 -99.6250152587890625
24.7488555908203125 -99.7266387939453125
24.8723907470703125 -99.8629913330078125
24.9636993408203125 -99.9716949462890625
25.06103515625 -100.1341705322265625
25.1169281005859375 -100.24987030029296875
25.220001220703125 -100.38103485107421875
25.349029541015625 -100.5107269287109375
25.43701171875 -100.6363067626953125
25.53631591796875 -100.7987213134765625
25.606475830078125 -100.90946197509765625
25.7452239990234375 -101.0335845947265625
25.8332061767578125 -101.12818145751953125
25.9130706787109375 -101.29354095458984375
25.97406005859375 -101.4405364990234375
26.06463623046875 -101.5558319091796875
26.1825714111328125 -101.67299652099609375
26.259796142578125 -101.792236328125
26.35015869140625 -101.9499359130859375
26.4245452880859375 -102.07332611083984375
26.5438995361328125 -102.217498779296875
26.634429931640625 -102.3226318359375
26.70965576171875 -102.4608612060546875
26.7743988037109375 -102.59452056884765625
26.8504638671875 -102.69232940673828125
26.9793243408203125 -102.8201751708984375
27.06866455078125 -102.93793487548828125
27.1507110595703125 -103.0988006591796875
27.203887939453125 -103.2036590576171875
27.2978057861328125 -103.31121063232421875
27.4074249267578125 -103.42482757568359375
27.4962158203125 -103.5342254638671875
27.5880126953125 -103.690277099609375
27.660888671875 -103.80841064453125
27.779449462890625 -103.93956756591796875
27.8865814208984375 -104.0703277587890625
27.9895782470703125 -104.22777557373046875
28.059814453125 -104.3664703369140625
28.1520538330078125 -104.4769439697265625
28.268798828125 -104.6123504638671875
28.3505706787109375 -104.717926025390625
28.42626953125 -104.86212921142578125
28.4938507080078125 -104.9805908203125
28.602935791015625 -105.09345245361328125
28.714996337890625 -105.21327972412109375
28.7978363037109375 -105.33412933349609375
28.8990325927734375 -105.5157318115234375
28.958648681640625 -105.63573455810546875
29.04644775390625 -105.75327301025390625
29.16912841796875 -105.8859405517578125
29.2578582763671875 -106.00360870361328125
29.348419189453125 -106.1589202880859375
29.4025421142578125 -106.24790191650390625
29.5140380859375 -106.3680877685546875
29.632720947265625 -106.49295806884765625
29.7116241455078125 -106.592315673828125
29.7784423828125 -106.7479400634765625
29.8285675048828125 -106.8626708984375
29.9099884033203125 -106.9821014404296875
30.0152435302734375 -107.08782196044921875
30.100372314453125 -107.19952392578125
30.1767120361328125 -107.35434722900390625
30.2321319580078125 -107.44232940673828125
30.3456573486328125 -107.5667572021484375
30.4390716552734375 -107.6768951416015625
30.522491455078125 -107.8230743408203125
30.5939178466796875 -107.98302459716796875
30.6486358642578125 -108.07050323486328125
30.7850799560546875 -108.204986572265625
30.8779754638671875 -108.2778778076171875
30.9561767578125 -108.4013824462890625
31.0387420654296875 -108.5552978515625
31.0840911865234375 -108.64916229248046875
31.2082061767578125 -108.78479766845703125
31.295684814453125 -108.8933868408203125
31.3946533203125 -109.09069061279296875
31.4593353271484375 -109.227691650390625
31.5821380615234375 -109.35913848876953125
31.691558837890625 -109.47126007080078125
31.7775421142578125 -109.6276092529296875
31.8444366455078125 -109.7698974609375
31.932403564453125 -109.882781982421875
32.0782012939453125 -110.03287506103515625
32.1667022705078125 -110.1273345947265625
32.240753173828125 -110.2972564697265625
32.302276611328125 -110.4062042236328125
32.4459991455078125 -110.5539703369140625
32.5258331298828125 -110.649932861328125
32.6175537109375 -110.81682586669921875
32.6931915283203125 -110.9595489501953125
32.7720947265625 -111.06259918212890625
32.9137420654296875 -111.20331573486328125
33.0173187255859375 -111.3103179931640625
33.1205291748046875 -111.48394775390625
33.185791015625 -111.60311126708984375
33.3255462646484375 -111.76789093017578125
33.391510009765625 -111.88121795654296875
33.478546142578125 -112.050872802734375
33.5314788818359375 -112.13545989990234375
33.6398773193359375 -112.26910400390625
33.7429656982421875 -112.37940216064453125
33.829132080078125 -112.5189361572265625
33.897125244140625 -112.64893341064453125
33.9903411865234375 -112.75406646728515625
34.0978240966796875 -112.8868865966796875
34.1885223388671875 -112.98639678955078125
34.2931976318359375 -113.1727752685546875
34.3456268310546875 -113.26834869384765625
34.4600372314453125 -113.38623046875
34.5568389892578125 -113.47252655029296875
34.6568450927734375 -113.61061859130859375
34.7319793701171875 -113.77774810791015625
34.795928955078125 -113.88700103759765625
34.953765869140625 -114.034423828125
35.0472259521484375 -114.1306610107421875
35.1573944091796875 -114.307708740234375
35.2228546142578125 -114.42584991455078125
35.3592376708984375 -114.56147003173828125
35.492919921875 -114.65270233154296875
35.5855712890625 -114.6892242431640625
35.6938018798828125 -114.66419219970703125
35.7534637451171875 -114.57440185546875
35.7706756591796875 -114.49140167236328125
35.7994384765625 -114.508544921875
35.8482666015625 -114.478515625
35.965087890625 -114.3415985107421875
36.059844970703125 -114.2274932861328125
36.241973876953125 -114.1243896484375
36.3683929443359375 -114.05570220947265625
36.5137176513671875 -113.90918731689453125
36.6489715576171875 -113.79526519775390625
36.8319091796875 -113.7165679931640625
36.959014892578125 -113.65872955322265625
37.0833282470703125 -113.55698394775390625
37.203033447265625 -113.43885040283203125
37.3382110595703125 -113.34781646728515625
37.5204925537109375 -113.26403045654296875
37.6626434326171875 -113.17459869384765625
37.8173828125 -113.02449798583984375
37.9438323974609375 -112.92983245849609375
38.106719970703125 -112.84204864501953125
38.232818603515625 -112.76892852783203125
38.3585052490234375 -112.64432525634765625
38.469970703125 -112.53118896484375
38.651123046875 -112.42124176025390625
38.7983245849609375 -112.36318206787109375
38.9329376220703125 -112.26160430908203125
39.0594482421875 -112.13416290283203125
39.2105712890625 -112.01096343994140625
39.377685546875 -111.91669464111328125
39.505401611328125 -111.83231353759765625
39.6695556640625 -111.68727874755859375
39.802398681640625 -111.58587646484375
39.9569854736328125 -111.504486083984375
40.1018524169921875 -111.4251556396484375
40.2615203857421875 -111.282135009765625
40.410888671875 -111.17079925537109375
40.600982666015625 -111.0732574462890625
40.751739501953125 -110.98357391357421875
40.8997802734375 -110.8329925537109375
41.025390625 -110.731842041015625
41.2050018310546875 -110.6348419189453125
41.3278045654296875 -110.5539398193359375
41.462066650390625 -110.4198760986328125
41.5753021240234375 -110.3056182861328125
41.6885223388671875 -110.22943115234375
41.8400115966796875 -110.16353607177734375
41.954620361328125 -110.08936309814453125
42.106689453125 -109.9402923583984375
42.221588134765625 -109.81313323974609375
42.4091339111328125 -109.7159881591796875
42.547271728515625 -109.65325927734375
42.6685638427734375 -109.4900360107421875
42.78271484375 -109.37056732177734375
42.9654541015625 -109.2773895263671875
43.0959320068359375 -109.2156524658203125
43.237457275390625 -109.0879669189453125
43.334503173828125 -108.97087860107421875
43.4925079345703125 -108.87458038330078125
43.64453125 -108.78749847412109375
43.7603302001953125 -108.68021392822265625
43.874267578125 -108.5689849853515625
43.9952850341796875 -108.46921539306640625
44.139404296875 -108.3590545654296875
44.2698516845703125 -108.2353057861328125
44.3808135986328125 -108.14253997802734375
44.5316009521484375 -108.05938720703125
44.6728363037109375 -107.9935760498046875
44.8055419921875 -107.8480682373046875
44.951812744140625 -107.7364349365234375
45.1104736328125 -107.6364593505859375
45.2884063720703125 -107.56396484375
45.4214630126953125 -107.4635467529296875
45.5607452392578125 -107.3282012939453125
45.700225830078125 -107.2272796630859375
45.8709716796875 -107.14922332763671875
46.0020751953125 -107.07306671142578125
46.1377716064453125 -106.9233551025390625
46.264434814453125 -106.8443603515625
46.4568328857421875 -106.7334136962890625
46.58935546875 -106.66841888427734375
46.7073974609375 -106.5473785400390625
46.826904296875 -106.425201416015625
46.9936370849609375 -106.35085296630859375
47.173614501953125 -106.28063201904296875
47.2607269287109375 -106.2180938720703125
47.3826446533203125 -106.07889556884765625
47.489044189453125 -105.9925537109375
47.6796417236328125 -105.8980865478515625
47.8103485107421875 -105.82662200927734375
47.9605560302734375 -105.69278717041015625
48.067901611328125 -105.56108856201171875
48.2458038330078125 -105.4626007080078125
48.4297332763671875 -105.3860321044921875
48.5540008544921875 -105.29300689697265625
48.693023681640625 -105.14003753662109375
48.8185577392578125 -105.04604339599609375
49.0012054443359375 -104.93767547607421875
49.132354736328125 -104.85649871826171875
49.2504425048828125 -104.714874267578125
49.3452606201171875 -104.5984039306640625
49.5442962646484375 -104.49533843994140625
49.6911468505859375 -104.40459442138671875
49.8163299560546875 -104.30701446533203125
49.9601287841796875 -104.1862640380859375
50.0785675048828125 -104.12078094482421875
50.2437286376953125 -104.0496978759765625
50.359375 -103.99639129638671875
50.4799346923828125 -103.85817718505859375
50.5773773193359375 -103.74921417236328125
50.739532470703125 -103.66473388671875
50.8702392578125 -103.5952911376953125
50.980255126953125 -103.4714508056640625
51.1179656982421875 -103.38251495361328125
51.318145751953125 -103.29648590087890625
51.4717559814453125 -103.21755218505859375
51.587799072265625 -103.115509033203125
51.7180633544921875 -102.960845947265625
51.8677978515625 -102.87754058837890625
52.0446624755859375 -102.7556610107421875
52.1717987060546875 -102.6699371337890625
52.298370361328125 -102.5264129638671875
52.4182586669921875 -102.4449615478515625
52.6393890380859375 -102.3675384521484375
52.778564453125 -102.3034210205078125
52.90576171875 -102.1763916015625
53.019775390625 -102.06818389892578125
53.2132110595703125 -101.9727020263671875
53.3743743896484375 -101.90799713134765625
53.521881103515625 -101.77611541748046875
53.6614532470703125 -101.63458251953125
53.8348236083984375 -101.527069091796875
53.998687744140625 -101.45778656005859375
54.1248321533203125 -101.3661956787109375
54.254058837890625 -101.2360687255859375
54.4007415771484375 -101.14801788330078125
54.571197509765625 -101.07312774658203125
54.67138671875 -101.00351715087890625
54.7749786376953125 -100.8813018798828125
54.8663330078125 -100.7899322509765625
55.04315185546875 -100.69329833984375
55.183258056640625 -100.6315460205078125
55.29010009765625 -100.54438018798828125
55.40313720703125 -100.4200439453125
55.528289794921875 -100.32645416259765625
55.687713623046875 -100.25658416748046875
55.775604248046875 -100.20269775390625
55.87933349609375 -100.0996551513671875
55.958038330078125 -100.00777435302734375
56.07305908203125 -99.94344329833984375
56.2093505859375 -99.894134521484375
56.29559326171875 -99.83544921875
56.388427734375 -99.7258148193359375
56.50262451171875 -99.636871337890625
56.6539306640625 -99.5522003173828125
56.778411865234375 -99.50225067138671875
56.89251708984375 -99.4140167236328125
56.99005126953125 -99.31043243408203125
57.09649658203125 -99.23120880126953125
57.263519287109375 -99.1512603759765625
57.360626220703125 -99.103118896484375
57.447967529296875 -98.98403167724609375
57.51904296875 -98.8753662109375
57.643157958984375 -98.7965850830078125
57.781768798828125 -98.7498016357421875
57.886627197265625 -98.69313812255859375
57.98834228515625 -98.59403228759765625
58.09454345703125 -98.48744964599609375
58.223388671875 -98.4003143310546875
58.35858154296875 -98.34859466552734375
58.44329833984375 -98.27341461181640625
58.56024169921875 -98.15920257568359375
58.645538330078125 -98.04770660400390625
58.76214599609375 -97.9814910888671875
58.92974853515625 -97.9083709716796875
59.04058837890625 -97.82735443115234375
59.149566650390625 -97.72544097900390625
59.27447509765625 -97.62540435791015625
59.422119140625 -97.5278167724609375
59.568939208984375 -97.46413421630859375
59.6798095703125 -97.3822479248046875
59.7958984375 -97.2420196533203125
59.8997802734375 -97.1407470703125
60.087371826171875 -97.04496002197265625
60.22857666015625 -96.99896240234375
60.30743408203125 -96.9346160888671875
60.468109130859375 -96.79232025146484375
60.577850341796875 -96.69850921630859375
60.72662353515625 -96.6149139404296875
60.88739013671875 -96.54278564453125
60.99066162109375 -96.4564361572265625
61.10760498046875 -96.36541748046875
61.278839111328125 -96.2767486572265625
61.39300537109375 -96.22499847412109375
61.484771728515625 -96.15309906005859375
61.5587158203125 -96.04537200927734375
61.70501708984375 -95.91390228271484375
61.79644775390625 -95.89266204833984375
61.96661376953125 -95.80096435546875
62.0234375 -95.71938323974609375
62.14208984375 -95.59891510009765625
62.283660888671875 -95.5251007080078125
62.415863037109375 -95.4719085693359375
62.536468505859375 -95.3767242431640625
62.63006591796875 -95.2763671875
62.737548828125 -95.19771575927734375
62.87371826171875 -95.1298370361328125
63.00006103515625 -95.07253265380859375
63.08502197265625 -95.0063018798828125
63.161651611328125 -94.92816162109375
63.3304443359375 -94.8003692626953125
63.4676513671875 -94.7525634765625
63.616180419921875 -94.6996002197265625
63.67840576171875 -94.6414337158203125
63.72357177734375 -94.54250335693359375
63.790496826171875 -94.4659423828125
63.89923095703125 -94.3970947265625
64.0162353515625 -94.343017578125
64.13336181640625 -94.25711822509765625
64.2205810546875 -94.1688690185546875
64.30645751953125 -94.0647735595703125
64.402679443359375 -93.99593353271484375
64.519866943359375 -93.96710205078125
64.615631103515625 -93.9121246337890625
64.704620361328125 -93.82578277587890625
64.7265625 -93.76790618896484375
64.87353515625 -93.65177154541015625
64.988433837890625 -93.595947265625
65.109100341796875 -93.5375213623046875
65.210693359375 -93.449951171875
65.280029296875 -93.35190582275390625
65.377716064453125 -93.2895050048828125
65.5416259765625 -93.24008941650390625
65.64019775390625 -93.19820404052734375
65.725494384765625 -93.1244659423828125
65.83233642578125 -93.0170135498046875
65.9688720703125 -92.91619873046875
66.13177490234375 -92.8636627197265625
66.23455810546875 -92.80106353759765625
66.338958740234375 -92.70440673828125
66.471649169921875 -92.6053619384765625
66.61676025390625 -92.5090179443359375
66.7713623046875 -92.4647369384765625
66.85894775390625 -92.42559814453125
66.97979736328125 -92.30983734130859375
67.07220458984375 -92.21427154541015625
67.190582275390625 -92.12001800537109375
67.35650634765625 -92.0478973388671875
67.45245361328125 -91.98435211181640625
67.57086181640625 -91.86045074462890625
67.66497802734375 -91.76436614990234375
67.779876708984375 -91.6840667724609375
67.918548583984375 -91.6296539306640625
67.95208740234375 -91.54351806640625
67.91070556640625 -91.3894805908203125
67.79150390625 -91.2777862548828125
67.675811767578125 -91.26531982421875
67.58807373046875 -91.1823577880859375
67.532012939453125 -91.0470733642578125
67.481109619140625 -90.9737548828125
67.35906982421875 -90.8625335693359375
67.2529296875 -90.77787017822265625
67.17218017578125 -90.6446533203125
67.119354248046875 -90.52105712890625
67.09234619140625 -90.443115234375
66.987335205078125 -90.3100433349609375
66.88653564453125 -90.21150970458984375
66.79559326171875 -90.0836181640625
66.73602294921875 -89.94503021240234375
66.688873291015625 -89.8719940185546875
66.58245849609375 -89.75567626953125
66.47613525390625 -89.63912200927734375
66.373291015625 -89.4849853515625
66.330902099609375 -89.34963226318359375
66.26055908203125 -89.26924896240234375
66.14532470703125 -89.16033935546875
66.04412841796875 -89.0447845458984375
65.96343994140625 -88.88661956787109375
65.911407470703125 -88.76560211181640625
65.833953857421875 -88.688720703125
65.7171630859375 -88.57907867431640625
65.6285400390625 -88.454345703125
65.55035400390625 -88.2955780029296875
65.49200439453125 -88.16361236572265625
65.39642333984375 -88.0284423828125
65.27276611328125 -87.90627288818359375
65.16558837890625 -87.76078033447265625
65.089874267578125 -87.6007537841796875
65.016876220703125 -87.5032196044921875
64.8973388671875 -87.3704986572265625
64.7857666015625 -87.25229644775390625
64.69390869140625 -87.0896453857421875
64.622650146484375 -86.91302490234375
64.5306396484375 -86.7765655517578125
64.40301513671875 -86.6273651123046875
64.28759765625 -86.4737548828125
64.18896484375 -86.2855682373046875
64.11981201171875 -86.18509674072265625
63.985931396484375 -86.02034759521484375
63.895538330078125 -85.86980438232421875
63.800140380859375 -85.66094970703125
63.694000244140625 -85.50984954833984375
63.52862548828125 -85.3759918212890625
63.42095947265625 -85.25890350341796875
63.32562255859375 -85.04715728759765625
63.249237060546875 -84.89089202880859375
63.10748291015625 -84.75661468505859375
62.98046875 -84.62457275390625
62.85723876953125 -84.40346527099609375
62.77703857421875 -84.2648468017578125
62.6407470703125 -84.10646820068359375
62.55731201171875 -83.9635009765625
62.47137451171875 -83.7804107666015625
62.40045166015625 -83.6513824462890625
62.27313232421875 -83.5214385986328125
62.1678466796875 -83.40764617919921875
62.08428955078125 -83.25399017333984375
61.99774169921875 -83.10701751708984375
61.909698486328125 -82.998779296875
61.80633544921875 -82.88474273681640625
61.706512451171875 -82.77040863037109375
61.64276123046875 -82.62255096435546875
61.58648681640625 -82.5087432861328125
61.4393310546875 -82.35528564453125
61.3267822265625 -82.24387359619140625
61.26922607421875 -82.12746429443359375
61.21856689453125 -81.9924468994140625
61.10699462890625 -81.86254119873046875
60.97357177734375 -81.76564788818359375
60.86865234375 -81.6483917236328125
60.81182861328125 -81.52135467529296875
60.7364501953125 -81.3720245361328125
60.61859130859375 -81.23961639404296875
60.5291748046875 -81.15401458740234375
60.426605224609375 -81.04198455810546875
60.381011962890625 -80.90659332275390625
60.32025146484375 -80.7880859375
60.22747802734375 -80.71054840087890625
60.146759033203125 -80.64328765869140625
60.07366943359375 -80.56182098388671875
60.009246826171875 -80.44580078125
59.97882080078125 -80.37109375
59.914306640625 -80.2854156494140625
59.85577392578125 -80.2218780517578125
59.79583740234375 -80.09990692138671875
59.748565673828125 -79.96335601806640625
59.719512939453125 -79.89934539794921875
59.65106201171875 -79.78923797607421875
59.579681396484375 -79.67952728271484375
59.49932861328125 -79.52734375
59.46112060546875 -79.39690399169921875
59.37396240234375 -79.273193359375
59.246795654296875 -79.12306976318359375
59.15582275390625 -78.96380615234375
59.086639404296875 -78.83696746826171875
59.00860595703125 -78.7360992431640625
42.6605987548828125 -55.4267730712890625
42.4849090576171875 -55.1575775146484375
42.4179229736328125 -55.0151214599609375
42.2843475341796875 -54.8455963134765625
42.1955413818359375 -54.6981048583984375
42.1255950927734375 -54.532958984375
