0 0
0 0
0 0
0 0
0 0
0 0
0 0
0 0
0 0
0 0
0 0
0 0
0 0
0 0
0 0
0 0
0 0
0 0
0 0
0 0
0 0
0 0
0 0
0 0
0 0
0 0
0 0
0 0
0 0
0 0
0 0
0 0
0 0
0 0
0 0
0 0
0 0
0 0
0 0
0 0
0 0
0 0
0 0
0 0
0.003540039 0.002380371
-0.001037598 0.004821777
0.002456665 0.001342773
0.000793457 0.000366211
-0.002593994 -0.00289917
0.001937866 -0.002731323
0.00012207 -0.00088501
0.00012207 -0.00088501
0.00012207 -0.00088501
0.00012207 -0.00088501
0.00012207 -0.00088501
0.00012207 -0.00088501
0.00012207 -0.00088501
0 0
0 0
0 0
0 0
0 0
0 0
0 0
0.005081177 0.003295898
0.006698608 0.004150391
0.004119873 0.003051758
0.003204346 0.00050354
0.003570557 -0.000854492
0.003875732 0.000762939
0.006500244 0.001235962
0.004165649 0.000411987
0.006347656 0.002578735
0.005783081 0.00227356
0.004302979 0.001174927
0.006958008 0.001403809
0.004440308 -0.002288818
0.005432129 -0.003143311
0.005142212 -0.004760742
0.004776001 -0.004577637
0.006118774 -0.006011963
0.010803223 0.002746582
0.022949219 -0.093078613
0.047088623 -0.200027466
0.082214355 -0.373779297
0.061843872 -0.600357056
0.036209106 -0.827270508
0.037277222 -1.049865723
0.00831604 -1.288543701
-0.016479492 -1.50730896
0.001098633 -1.81703186
-0.027236938 -2.233016968
-0.0443573 -2.600097656
-0.045471191 -2.974990845
-0.068847656 -3.369750977
-0.048782349 -3.785827637
-0.064788818 -4.204956055
-0.076263428 -4.606964111
-0.060791016 -5.03678894
-0.090744019 -5.470550537
-0.091506958 -5.875366211
-0.117370605 -6.267242432
-0.146850586 -6.598953247
-0.120529175 -6.967529297
-0.149276733 -7.315856934
-0.148696899 -7.590286255
-0.16003418 -7.808456421
-0.195404053 -7.961242676
-0.174499512 -8.186645508
-0.139266968 -8.370422363
-0.166793823 -8.572387695
-0.175292969 -8.746643066
-0.14050293 -8.966247559
-0.152862549 -9.090866089
-0.205871582 -9.208526611
-0.207580566 -9.346862793
-0.181518555 -9.480224609
-0.200973511 -9.613540649
-0.242156982 -9.767089844
-0.222473145 -9.952453613
-0.183044434 -10.11306763
-0.208984375 -10.31199646
-0.239425659 -10.4526062
-0.223144531 -10.67236328
-0.217849731 -10.87164307
-0.266036987 -11.08636475
-0.270965576 -11.29077148
-0.264205933 -11.51661682
-0.280334473 -11.71864319
-0.299179077 -11.81188965
-0.309432983 -11.83131409
-0.30670166 -11.84692383
-0.316009521 -11.87857056
-0.309661865 -12.02397156
-0.270324707 -12.25300598
-0.28918457 -12.48036194
-0.304855347 -12.71122742
-0.292297363 -12.98104858
-0.318054199 -13.23614502
-0.341873169 -13.47454834
-0.329986572 -13.78353882
-0.338882446 -14.08354187
-0.355133057 -14.39239502
-0.331253052 -14.68527222
-0.36618042 -14.95928955
-0.398742676 -15.21354675
-0.374145508 -15.50370789
-0.397583008 -15.80967712
-0.414978027 -16.05718994
-0.390350342 -16.30004883
-0.389953613 -16.56152344
-0.419662476 -16.77987671
-0.414047241 -17.07421875
-0.432556152 -17.36076355
-0.464599609 -17.62243652
-0.456848145 -17.92164612
-0.467483521 -18.2144165
-0.486373901 -18.47521973
-0.464172363 -18.76185608
-0.474456787 -19.06549072
-0.502075195 -19.34118652
-0.475784302 -19.6567688
-0.46635437 -19.95840454
-0.48890686 -20.24087524
-0.485305786 -20.52622986
-0.488922119 -20.79501343
-0.518447876 -21.13346863
-0.517623901 -21.41435242
-0.532409668 -21.71826172
-0.553436279 -22.02799988
-0.538009644 -22.34912109
-0.533569336 -22.6421814
-0.567565918 -22.95812988
-0.55380249 -23.26045227
-0.551116943 -23.55302429
-0.574813843 -23.84550476
-0.566665649 -24.14509583
-0.56161499 -24.44792175
-0.591705322 -24.75538635
-0.573028564 -25.09623718
-0.581253052 -25.40628052
-0.614822388 -25.71153259
-0.602157593 -26.06164551
-0.610519409 -26.38417053
-0.640350342 -26.66505432
-0.633987427 -26.98960876
-0.646057129 -27.26754761
-0.681671143 -27.59381104
-0.680343628 -27.92114258
-0.682846069 -28.22259521
-0.707824707 -28.53933716
-0.684356689 -28.86813354
-0.680511475 -29.12533569
-0.712509155 -29.40010071
-0.710876465 -29.68148804
-0.703536987 -29.96217346
-0.729568481 -30.25210571
-0.738449097 -30.52368164
-0.751205444 -30.8032074
-0.796051025 -31.09593201
-0.816131592 -31.36691284
-0.802246094 -31.66894531
-0.811340332 -31.99635315
-0.804718018 -32.30899048
-0.783996582 -32.58518982
-0.802062988 -32.84849548
-0.794525146 -33.13311768
-0.772705078 -33.42349243
-0.798156738 -33.7530365
-0.831970215 -34.07188416
-0.835800171 -34.36616516
-0.861312866 -34.66278076
-0.868087769 -34.95806885
-0.849868774 -35.24201965
-0.874465942 -35.55625916
-0.874633789 -35.88613892
-0.855407715 -36.21798706
-0.884231567 -36.55841064
-0.900009155 -36.88847351
-0.896621704 -37.22833252
-0.924987793 -37.55000305
-0.928573608 -37.83604431
-0.93296814 -38.12815857
-0.954193115 -38.41972351
-0.946243286 -38.75498962
-0.943389893 -39.07054138
-0.977523804 -39.38529968
-0.954330444 -39.68873596
-0.94859314 -40.02975464
-0.978820801 -40.30851746
-0.969909668 -40.62905884
-0.987014771 -40.91413879
-1.017654419 -41.207901
-1.017272949 -41.50828552
-1.039489746 -41.80024719
-1.067321777 -42.14726257
-1.059158325 -42.46594238
-1.080322266 -42.77264404
-1.09564209 -43.04997253
-1.084960938 -43.37484741
-1.11114502 -43.66520691
-1.131668091 -43.97038269
-1.10760498 -44.27256775
-1.125320435 -44.60853577
-1.148132324 -44.89053345
-1.150878906 -45.18890381
-1.186706543 -45.53549194
-1.205276489 -45.84910583
-1.194854736 -46.13713074
-1.215499878 -46.46496582
-1.213394165 -46.72277832
-1.19418335 -47.02244568
-1.20111084 -47.33665466
-1.208145142 -47.63288879
-1.199035645 -47.96705627
-1.234191895 -48.29685974
-1.23425293 -48.58058167
-1.222351074 -48.88291931
-1.253631592 -49.22862244
-1.279724121 -49.5063324
-1.273544312 -49.82772827
-1.295303345 -50.144104
-1.304229736 -50.44926453
-1.291854858 -50.74264526
-1.307937622 -51.0619812
-1.29838562 -51.36100769
-1.298049927 -51.6971283
-1.325836182 -52.01554871
-1.334197998 -52.29289246
-1.340667725 -52.63291931
-1.375 -52.91737366
-1.385681152 -53.25883484
-1.379211426 -53.56596375
-1.409790039 -53.88592529
-1.406524658 -54.19224548
-1.40196228 -54.52706909
-1.427459717 -54.87663269
-1.429779053 -55.16078186
-1.431762695 -55.46588135
-1.467483521 -55.80119324
-1.474716187 -56.1361084
-1.47277832 -56.41746521
-1.518203735 -56.73680115
-1.532653809 -57.03019714
-1.5340271 -57.36607361
-1.561889648 -57.69285583
-1.549560547 -58.0410614
-1.544921875 -58.37132263
-1.573303223 -58.68673706
-1.567459106 -59.0018158
-1.568161011 -59.30137634
-1.597595215 -59.62760925
-1.58164978 -59.93321228
-1.573043823 -60.2429657
-1.601913452 -60.56280518
-1.60710144 -60.8890686
-1.610717773 -61.22628784
-1.630630493 -61.54856873
-1.606811523 -61.88171387
-1.574371338 -62.14450073
-1.516235352 -62.39787292
-1.380950928 -62.57223511
-1.228607178 -62.77359009
-1.052185059 -63.0493927
-0.82649231 -63.30284119
-0.649887085 -63.55224609
-0.463043213 -63.83213806
-0.225402832 -64.10148621
-0.009765625 -64.43119812
0.171920776 -64.6894989
0.380554199 -64.93270874
0.571487427 -65.23095703
0.746276855 -65.47654724
0.982421875 -65.76683044
1.178787231 -66.0710907
1.359481812 -66.33201599
1.563262939 -66.59007263
1.746047974 -66.88168335
1.952758789 -67.14701843
2.152770996 -67.40364075
2.329315186 -67.67712402
2.543319702 -67.93600464
2.759887695 -68.22160339
2.947570801 -68.51002502
3.16494751 -68.78137207
3.350814819 -69.03514099
3.533340454 -69.3110199
3.764953613 -69.57041931
3.953521729 -69.84280396
4.132080078 -70.10964966
4.336181641 -70.35394287
4.532211304 -70.62062073
4.724243164 -70.90344238
4.94909668 -71.17433167
5.135818481 -71.45300293
5.299346924 -71.72105408
5.523757935 -71.98060608
5.710205078 -72.27372742
5.870422363 -72.51878357
6.091918945 -72.80226135
6.287109375 -73.0993042
6.503845215 -73.35890961
6.731033325 -73.61800385
6.903137207 -73.89488983
7.10748291 -74.15206146
7.309844971 -74.41487122
7.479156494 -74.71804047
7.708358765 -75.00665283
7.943069458 -75.30797577
8.152709961 -75.61794281
8.36151123 -75.90428925
8.555297852 -76.22634125
8.732086182 -76.49251556
8.98135376 -76.77337646
9.183990479 -77.06002045
9.374298096 -77.33560944
9.586776733 -77.60738373
9.801498413 -77.93288422
9.998352051 -78.22035217
10.21150208 -78.51502991
10.40020752 -78.8102951
10.64944458 -79.10042572
10.8500824 -79.35532379
11.04864502 -79.62703705
11.28901672 -79.92191315
11.48394775 -80.22812653
11.67321777 -80.49464417
11.92218018 -80.79494476
12.13232422 -81.11566162
12.31878662 -81.38520813
12.53164673 -81.67342377
12.73838806 -82.00842285
12.97329712 -82.31246185
13.20141602 -82.60749817
13.42498779 -82.91296387
13.62966919 -83.17199707
13.8405304 -83.49929047
14.02937317 -83.77950287
14.26086426 -84.0925827
14.46795654 -84.39597321
14.70922852 -84.68454742
14.91978455 -84.9576416
15.09654236 -85.2253952
15.31768799 -85.51374817
15.52258301 -85.78566742
15.71426392 -86.08522034
15.94934082 -86.36960602
16.14537048 -86.64738464
16.32940674 -86.91226959
16.54229736 -87.17671967
16.7354126 -87.4590683
16.91680908 -87.69358063
17.13865662 -87.98051453
17.32049561 -88.26824951
17.51300049 -88.52718353
17.70950317 -88.77854919
17.92048645 -89.08351898
18.13183594 -89.36842346
18.35154724 -89.66635895
18.54283142 -89.94809723
18.76309204 -90.21633148
18.97463989 -90.49478912
19.17254639 -90.80281067
19.39756775 -91.09645081
19.60948181 -91.41871643
19.80757141 -91.70475769
20.04637146 -92.0078125
20.26495361 -92.34885406
20.5009613 -92.63857269
20.71450806 -92.89455414
20.90127563 -93.19229889
21.15005493 -93.50056458
21.35549927 -93.77809906
21.54510498 -94.06390381
21.76997375 -94.36322021
21.95515442 -94.63930511
22.11387634 -94.87693787
22.31585693 -95.12620544
22.49859619 -95.38841248
22.68338013 -95.67201996
22.90078735 -95.95432281
23.0675354 -96.21594238
23.27679443 -96.47625732
23.49607849 -96.72497559
23.69187927 -97.03114319
23.89224243 -97.28853607
24.09492493 -97.53993225
24.28208923 -97.8374176
24.48477173 -98.10280609
24.68943787 -98.39902496
24.89602661 -98.70161438
25.12585449 -98.97811127
25.35198975 -99.26036835
25.52856445 -99.51596069
25.72924805 -99.76225281
25.92295837 -100.0528107
26.10765076 -100.325943
26.33262634 -100.6045609
26.53269958 -100.9258194
26.7479248 -101.2157669
26.9515686 -101.4729538
27.15452576 -101.7671432
27.37046814 -102.0248108
27.5723877 -102.3114777
27.76159668 -102.6108627
27.99328613 -102.8961716
28.19700623 -103.1860962
28.39764404 -103.475563
28.64399719 -103.7629547
28.84455872 -104.0506897
29.03266907 -104.3206024
29.24043274 -104.5869293
29.44419861 -104.8974152
29.65258789 -105.1698532
29.85762024 -105.4414902
30.07913208 -105.7524261
30.32693481 -106.0681381
30.53691101 -106.3582611
30.75466919 -106.6659393
30.97097778 -106.9614182
31.19160461 -107.2986069
31.40275574 -107.576889
31.62939453 -107.8732681
31.84378052 -108.1757813
32.07719421 -108.4907379
32.28359985 -108.7969131
32.47866821 -109.0910721
32.70219421 -109.3866043
32.94143677 -109.6854324
33.15193176 -109.9578476
33.35705566 -110.2259903
33.55833435 -110.5225067
33.75149536 -110.7898407
33.94348145 -111.0471573
34.13659668 -111.3197174
34.3442688 -111.5875702
34.53681946 -111.8394012
34.73391724 -112.142868
34.93862915 -112.4296265
35.12934875 -112.6882477
35.32380676 -112.9699173
35.52189636 -113.2270889
35.72473145 -113.4892426
35.91333008 -113.7314682
36.10375977 -113.9584579
36.28678894 -114.1593475
36.42605591 -114.2676468
36.57019043 -114.2745132
36.68008423 -114.2138977
36.73916626 -114.1124649
36.85351563 -113.9341202
37.04679871 -113.7702713
37.30229187 -113.5876236
37.53535461 -113.3631287
37.78613281 -113.1762772
38.05395508 -113.0082703
38.33299255 -112.773941
38.59358215 -112.5852737
38.85977173 -112.4091568
39.10472107 -112.2192688
39.36631775 -112.0418854
39.60960388 -111.8758545
39.89961243 -111.6637802
40.16177368 -111.5040283
40.42398071 -111.3191071
40.69128418 -111.0957336
40.95994568 -110.8891907
41.24674988 -110.6531982
41.54142761 -110.435585
41.8260498 -110.2514343
42.13085938 -110.018486
42.42703247 -109.8095169
42.70996094 -109.6109238
43.00369263 -109.3786011
43.29585266 -109.1939926
43.58226013 -108.954834
43.84532166 -108.7468414
44.14627075 -108.5410309
44.43838501 -108.3234482
44.75450134 -108.1251221
45.02818298 -107.9045944
45.29853821 -107.6666794
45.6275177 -107.4809799
45.8874054 -107.2646027
46.15905762 -107.0769424
46.45701599 -106.908287
46.73143005 -106.7049713
46.99319458 -106.5051727
47.27908325 -106.330864
47.5440979 -106.08358
47.79341125 -105.9155426
48.08999634 -105.7376099
48.38247681 -105.5267487
48.6743927 -105.3093185
48.92700195 -105.1273575
49.20014954 -104.8892899
49.49067688 -104.6827927
49.78874207 -104.4675827
50.07713318 -104.2323761
50.3923645 -104.0272064
50.6607666 -103.8084335
50.9315033 -103.5922546
51.24983215 -103.4086151
51.51383972 -103.1722183
51.80801392 -102.9877167
52.10148621 -102.7789917
52.35978699 -102.5499115
52.63569641 -102.38237
52.90415955 -102.1653519
53.17556763 -101.9396744
53.47554016 -101.7597656
53.74072266 -101.5236435
54.03392029 -101.2955551
54.32905579 -101.0813522
54.58642578 -100.8364716
54.89535522 -100.632637
55.23260498 -100.4126129
55.52236938 -100.212883
55.81906128 -100.0018234
56.12780762 -99.79945374
56.42840576 -99.58798218
56.73342896 -99.38370514
57.04528809 -99.18144226
57.32305908 -98.94528198
57.63168335 -98.745224
57.94793701 -98.54520416
58.22521973 -98.3110733
58.52786255 -98.10538483
58.80459595 -97.90962982
59.10980225 -97.6730957
59.42382813 -97.47871399
59.71035767 -97.28337097
59.98468018 -97.07722473
60.27728271 -96.87631989
60.56948853 -96.66542816
60.90283203 -96.43318176
61.19378662 -96.2490387
61.44714355 -96.02885437
61.70870972 -95.81187439
62.00787354 -95.61445618
62.25701904 -95.40128326
62.55007935 -95.19594574
62.85095215 -95.00675201
63.15560913 -94.75948334
63.46469116 -94.56549072
63.7472229 -94.375
64.04675293 -94.15248108
64.36407471 -93.94986725
64.64916992 -93.73918152
64.93731689 -93.51664734
65.26339722 -93.29878235
65.55795288 -93.08811951
65.853302 -92.87454987
66.14654541 -92.6809845
66.44174194 -92.4695816
66.71585083 -92.28889465
66.99334717 -92.1264801
67.27383423 -91.91950989
67.53234863 -91.7502594
67.80599976 -91.59671783
68.01473999 -91.43670654
68.23550415 -91.25553131
68.42880249 -91.08477783
68.53179932 -90.90202332
68.52319336 -90.75559998
68.48797607 -90.68058014
68.39297485 -90.67523193
68.28485107 -90.65561676
68.13665771 -90.52081299
67.9760437 -90.3163681
67.85391235 -90.0717392
67.66616821 -89.8106308
67.54016113 -89.5483551
67.39453125 -89.27219391
67.18075562 -89.01725006
66.9803772 -88.73093414
66.77133179 -88.44793701
66.56072998 -88.19129944
66.34942627 -87.86612701
66.16369629 -87.58656311
65.93185425 -87.29486084
65.75259399 -86.99515533
65.54156494 -86.70222473
65.34179688 -86.41481781
65.15509033 -86.09999084
64.949646 -85.83137512
64.74240112 -85.56377411
64.54959106 -85.28050995
64.37234497 -85.06981659
64.2237854 -84.87953186
64.10046387 -84.65975189
63.89862061 -84.40506744
63.73388672 -84.14897919
63.57641602 -83.8931427
63.38214111 -83.64404297
63.1897583 -83.34619141
62.99151611 -83.07972717
62.80755615 -82.85129547
62.64553833 -82.58733368
62.49804688 -82.39237213
62.31494141 -82.17368317
62.19061279 -81.94869232
62.04095459 -81.73409271
61.88201904 -81.52449799
61.7276001 -81.26843262
61.57357788 -81.05233002
61.38696289 -80.84002686
61.24835205 -80.58886719
61.11102295 -80.37966156
60.94207764 -80.17797089
60.7935791 -79.9270401
60.60845947 -79.68536377
60.42556763 -79.44548798
60.26165771 -79.16342926
60.08169556 -78.93212891
59.92352295 -78.70857239
59.75418091 -78.40856171
59.56729126 -78.16107178
59.41067505 -77.91259003
59.2628479 -77.67551422
59.0647583 -77.43788147
58.88858032 -77.20442963
58.72296143 -76.95192719
58.53805542 -76.71356201
58.37463379 -76.46297455
58.21612549 -76.23056793
58.02520752 -75.9959259
57.87539673 -75.73779297
57.71154785 -75.49768066
57.52581787 -75.26058197
57.3729248 -74.99664307
57.22064209 -74.76464844
57.03155518 -74.51972961
56.86398315 -74.26712799
56.71295166 -74.03505707
56.51748657 -73.78932953
56.35412598 -73.55355072
56.19573975 -73.32104492
55.98275757 -73.06106567
55.81854248 -72.79136658
55.65222168 -72.54302979
55.45629883 -72.28912354
55.28738403 -72.03044128
55.10742188 -71.79702759
54.90405273 -71.53593445
54.7240448 -71.2459259
54.53547668 -70.97966003
54.34519958 -70.72129822
54.16149902 -70.42753601
53.97654724 -70.17027283
53.76957703 -69.89677429
53.60009766 -69.63336182
53.41226196 -69.38899231
53.2335968 -69.14581299
53.05944824 -68.86578369
52.86653137 -68.60217285
52.69094849 -68.32878113
52.54141235 -68.10087585
52.36143494 -67.85325623
52.18608093 -67.59788513
52.00076294 -67.32653809
51.7911377 -67.05052185
51.61535645 -66.80955505
51.44758606 -66.56697083
51.24784851 -66.32156372
51.06997681 -66.03468323
50.90498352 -65.77626038
50.70762634 -65.5289917
50.51887512 -65.25570679
50.35777283 -64.98684692
50.12942505 -64.70718384
49.93424988 -64.43191528
49.75341797 -64.16862488
49.54397583 -63.90332031
49.34965515 -63.61315918
49.1882782 -63.35096741
48.98823547 -63.08163452
48.80691528 -62.79315186
48.62284851 -62.53166199
48.41113281 -62.26359558
48.21972656 -61.99224854
48.03872681 -61.724823
47.83279419 -61.47335815
47.65571594 -61.19514465
47.47009277 -60.91471863
47.26652527 -60.64317322
47.09500122 -60.3589325
46.89091492 -60.09680176
46.67202759 -59.81242371
46.49153137 -59.52519226
46.29263306 -59.2447052
46.09353638 -58.94923401
45.93327332 -58.67144775
45.73503113 -58.39619446
45.55418396 -58.13365173
45.37461853 -57.86288452
45.1525116 -57.58651733
44.95144653 -57.30627441
44.76817322 -57.05500793
44.54997253 -56.77334595
44.39358521 -56.52156067
44.24926758 -56.27577209
44.07194519 -56.03538513
43.90090942 -55.7815094
43.76921082 -55.56150818
43.60301208 -55.36509705
