0 0
0 0
0 0
0 0
0 0
0 0
0 0
0 0
0 0
0 0
0 0
0 0
0 0
0 0
0 0
0 0
0 0
0 0
0 0
0 0
-0.00221123 -0.001226137
-0.006054489 -0.002084977
-0.002524065 0.000157576
-0.001993132 -0.003093954
-0.004542681 -0.004398591
-0.004548654 -0.003758217
-0.006953369 -0.003269895
-0.000424251 0.002454886
-0.000545268 -0.001503284
-0.00600002 -0.002254719
-0.00615789 -0.003193652
-0.004226713 -0.006895056
-0.005005004 -0.008115074
-0.003629587 -0.010408226
-0.004629919 -0.004288561
-0.002943629 -0.010007718
-0.004106901 -0.018498458
-0.003838418 -0.017457068
0.005791898 -0.030659054
0.025486992 -0.067215282
0.067309301 -0.187486723
0.076954467 -0.337284009
0.041065654 -0.50877996
0.046802358 -0.680253541
0.074458391 -0.802695756
0.066800731 -0.849453307
0.054332262 -0.862617255
0.056531828 -0.889968569
0.066267795 -0.967707303
0.036633899 -1.116351722
0.015305818 -1.247496682
0.05440469 -1.406666997
0.069175911 -1.525674423
0.027526428 -1.661315148
0.001010618 -1.755971426
0.00903925 -1.897430679
0.046548926 -2.028434757
0.029594567 -2.146852776
-0.007310949 -2.283985851
-0.013415683 -2.355875184
0.011244782 -2.479726897
0.031183605 -2.586769361
-0.013290552 -2.71736371
-0.040383582 -2.821127581
-0.023573444 -2.96292295
0.011124602 -3.127564193
-0.000300718 -3.285898065
-0.028381881 -3.436583316
-0.034285532 -3.557375223
0.000729205 -3.722104796
0.019292014 -3.855142394
-0.009401181 -4.048099509
-0.020949854 -4.172622911
0.012350826 -4.320810766
0.036305146 -4.471872094
-0.005318612 -4.651439938
-0.035595887 -4.790213693
-0.033830395 -4.922882714
0.006329472 -5.090171658
0.007238689 -5.22649636
-0.023756784 -5.409519315
-0.047337784 -5.560102464
-0.039537729 -5.703153331
-0.015494243 -5.83635498
-0.039286933 -5.984902901
-0.073435126 -6.095392601
-0.066073771 -6.221234213
-0.029175825 -6.364636736
-0.018417182 -6.477378719
-0.041819709 -6.624493626
-0.06084489 -6.71538236
-0.058081436 -6.869763057
-0.026180559 -7.019878736
-0.021648806 -7.151952526
-0.053137622 -7.304061986
-0.07710539 -7.408204583
-0.045200415 -7.567770177
-0.01359965 -7.706214586
-0.025074062 -7.824019309
-0.068432392 -7.96169796
-0.084931532 -8.057072945
-0.062923823 -8.206428919
-0.040064713 -8.354247602
-0.05482576 -8.504162397
-0.086407036 -8.631211217
-0.083000858 -8.725793447
-0.057286588 -8.866314022
-0.052044546 -8.968282463
-0.069751799 -9.11433507
-0.097383683 -9.25726433
-0.094682894 -9.357931421
-0.065064007 -9.519086084
-0.041446498 -9.624790921
-0.068282261 -9.761654034
-0.099927702 -9.883609722
-0.105519166 -9.973945729
-0.077974001 -10.11401817
-0.058655733 -10.22692012
-0.075301689 -10.35121794
-0.111583952 -10.48441207
-0.120748305 -10.57212695
-0.107132917 -10.67036163
-0.068302366 -10.80309283
-0.058260656 -10.90390373
-0.095989417 -11.03029049
-0.125473784 -11.12365954
-0.125290933 -11.22878748
-0.108408328 -11.37625548
-0.082365261 -11.49066463
-0.102683382 -11.60099781
-0.142555674 -11.71808139
-0.155565843 -11.80234166
-0.14331007 -11.93291259
-0.102403026 -12.0543988
-0.100206072 -12.15588489
-0.135926294 -12.29908375
-0.159864413 -12.40842485
-0.15989502 -12.50200676
-0.133999868 -12.67722402
-0.129925215 -12.80332087
-0.157168409 -12.93689146
-0.174738983 -13.04672014
-0.17109288 -13.16927979
-0.136139127 -13.35232737
-0.130309768 -13.46802044
-0.148698117 -13.6059842
-0.154536277 -13.7043583
-0.153107764 -13.78132182
-0.140891275 -13.9304402
-0.119705131 -14.03714937
-0.130940386 -14.16304126
-0.147518335 -14.28476586
-0.163247132 -14.37395178
-0.16493726 -14.48301656
-0.14556619 -14.63435971
-0.127305777 -14.74344126
-0.12859144 -14.86503483
-0.148625458 -15.02688007
-0.159539602 -15.10734921
-0.145874901 -15.24730189
-0.131951954 -15.40041791
-0.140272077 -15.50470218
-0.169698039 -15.66981543
-0.186719716 -15.80711514
-0.186514026 -15.86505613
-0.186872881 -16.00345087
-0.170423807 -16.16782039
-0.171075893 -16.27803753
-0.189395907 -16.46558466
-0.203556071 -16.60457902
-0.199907851 -16.69443039
-0.187671603 -16.85537698
-0.165413791 -16.98983629
-0.165993248 -17.11288959
-0.182808492 -17.28063458
-0.188883752 -17.37883195
-0.193999912 -17.5101097
-0.180911038 -17.66351386
-0.169661825 -17.80485252
-0.172392138 -17.96737531
-0.200439328 -18.10243928
-0.210302219 -18.16380527
-0.202934684 -18.28510514
-0.176835541 -18.43667532
-0.175710845 -18.54188504
-0.193132387 -18.67250889
-0.220317148 -18.7866335
-0.227125771 -18.88527529
-0.224357342 -19.01603178
-0.211071957 -19.19058349
-0.207760162 -19.35054834
-0.219099509 -19.49588447
-0.23699505 -19.61778726
-0.24444937 -19.71299023
-0.22176566 -19.87136459
-0.197804537 -20.00233782
-0.210014099 -20.10151972
-0.227948776 -20.2081185
-0.256011399 -20.31053448
-0.259378571 -20.44788435
-0.236252216 -20.55965176
-0.247868924 -20.67400645
-0.283350272 -20.79543428
-0.305546929 -20.89869969
-0.304475998 -20.99177507
-0.269731853 -21.12415173
-0.254226679 -21.21124097
-0.275580091 -21.34782619
-0.303139963 -21.45303538
-0.307874081 -21.4950885
-0.29400794 -21.61026614
-0.264325865 -21.72716177
-0.247887369 -21.81256444
-0.266229687 -21.95569685
-0.293417273 -22.0766648
-0.315994652 -22.13452632
-0.306149198 -22.1966619
-0.25825005 -22.3122734
-0.238549292 -22.41080197
-0.271547485 -22.53903112
-0.313833912 -22.64273167
-0.316630787 -22.73372334
-0.283703156 -22.88409169
-0.255484138 -22.98067531
-0.277576128 -23.09593983
-0.308833146 -23.21969364
-0.311105281 -23.27746358
-0.313816103 -23.3936833
-0.284797187 -23.51396766
-0.270905248 -23.60418063
-0.289714387 -23.72367078
-0.33328041 -23.8556259
-0.34538053 -23.91690626
-0.331460469 -24.01355224
-0.30863485 -24.12919474
-0.301906356 -24.22617513
-0.327785817 -24.34641583
-0.35741072 -24.44266016
-0.371736487 -24.50633971
-0.358422377 -24.6275776
-0.317015341 -24.75591116
-0.30853062 -24.83806778
-0.337761382 -24.95427838
-0.371295288 -25.05668309
-0.383726985 -25.10392854
-0.387406449 -25.18612253
-0.358749454 -25.33696758
-0.346140063 -25.43639832
-0.368457851 -25.55875675
-0.382989049 -25.68872916
-0.391639201 -25.75265643
-0.41138284 -25.83284858
-0.374637507 -25.94878
-0.346350019 -26.02008051
-0.34660795 -26.12199086
-0.383653325 -26.27193672
-0.412046473 -26.34077817
-0.409393276 -26.42158371
-0.37673019 -26.57527984
-0.35297378 -26.66302021
-0.368121795 -26.74021802
-0.4042183 -26.87134641
-0.44474654 -26.9581809
-0.455481019 -27.01324926
-0.415977072 -27.16303104
-0.389910416 -27.24058704
-0.408952108 -27.37491355
-0.439427743 -27.51409123
-0.446225036 -27.56345753
-0.418260253 -27.68420451
-0.387448352 -27.81737564
-0.401098339 -27.92352876
-0.437508998 -28.08396985
-0.441021265 -28.16816689
-0.436738108 -28.26970235
-0.399232148 -28.3996089
-0.39674043 -28.49657953
-0.426449518 -28.65953288
-0.451247221 -28.75788241
-0.452593787 -28.83208768
-0.420863006 -28.98664738
-0.416434942 -29.08678616
-0.44870855 -29.23033032
-0.477800806 -29.34849714
-0.471377159 -29.43353172
-0.430250698 -29.56083336
-0.399812167 -29.68185793
-0.414556019 -29.80145795
-0.447433241 -29.93807458
-0.448435738 -30.0462969
-0.45233111 -30.16359916
-0.432641554 -30.30263933
-0.436072274 -30.41616422
-0.441068354 -30.54788857
-0.473818058 -30.69033235
-0.484195557 -30.75439165
-0.46874703 -30.91463814
-0.43784459 -31.05938106
-0.440449728 -31.15213284
-0.477820272 -31.32252041
-0.498402396 -31.45169728
-0.50586627 -31.53958394
-0.476173262 -31.69641284
-0.453031702 -31.80180987
-0.447832043 -31.9024964
-0.485102821 -32.0396155
-0.504190901 -32.13851888
-0.49619244 -32.26882016
-0.467423534 -32.41395391
-0.458385792 -32.51112937
-0.463902888 -32.64571443
-0.496356576 -32.75573554
-0.511143072 -32.85375189
-0.505877856 -32.96387545
-0.458298118 -33.10256566
-0.440827533 -33.2326808
-0.444396178 -33.41352233
-0.470278256 -33.50078023
-0.513500805 -33.59110859
-0.507660385 -33.77261508
-0.489665891 -33.924881
-0.505901021 -34.07388585
-0.546402438 -34.20740621
-0.554041726 -34.33412162
-0.524179184 -34.5307222
-0.527660785 -34.6885828
-0.557944629 -34.85500447
-0.550309816 -34.99082452
-0.513273732 -35.16884588
-0.494282487 -35.28591149
-0.521871526 -35.44205681
-0.55137201 -35.59358699
-0.54761192 -35.76254627
-0.519210787 -35.92565096
-0.523614341 -36.05503555
-0.559394235 -36.21731454
-0.574075502 -36.35240236
-0.54480244 -36.51104417
-0.528264367 -36.647205
-0.554691272 -36.80763195
-0.587062852 -36.97205327
-0.591342482 -37.12886215
-0.551526423 -37.28243578
-0.546921943 -37.44048395
-0.578996081 -37.62739794
-0.584868382 -37.76568834
-0.553062651 -37.96448187
-0.52576262 -38.09264128
-0.544779245 -38.27051385
-0.566869454 -38.40166012
-0.553605207 -38.56641071
-0.520929923 -38.73850385
-0.533582725 -38.87793695
-0.574929771 -39.05664662
-0.590689965 -39.17532373
-0.583125364 -39.37430205
-0.566593859 -39.50346676
-0.592317961 -39.64075346
-0.627259223 -39.78948432
-0.642080998 -39.90554532
-0.617741992 -40.08239483
-0.602186629 -40.21277198
-0.640685298 -40.37918405
-0.661585922 -40.4796489
-0.647703893 -40.63622318
-0.624093234 -40.77436176
-0.626528691 -40.9076778
-0.650766093 -41.05390722
-0.665686067 -41.15182702
-0.637080676 -41.31477188
-0.607429744 -41.44363093
-0.641161661 -41.6081526
-0.666555928 -41.76270536
-0.67712384 -41.90142569
-0.64212682 -42.09051058
-0.645092084 -42.23607577
-0.676921991 -42.42059095
-0.695987393 -42.53443191
-0.691236244 -42.69740871
-0.660702267 -42.8438141
-0.685420512 -43.01694169
-0.718244618 -43.16849707
-0.705344515 -43.31090486
-0.680030914 -43.44357594
-0.698576679 -43.62587133
-0.727038411 -43.76977477
-0.715983754 -43.91938214
-0.676391545 -44.07163644
-0.690783908 -44.22107761
-0.739742755 -44.40353494
-0.757851159 -44.52024746
-0.729323344 -44.7067223
-0.70836575 -44.82776501
-0.738038279 -44.99215247
-0.767290267 -45.12643873
-0.763518754 -45.25607525
-0.713662122 -45.41930006
-0.714510966 -45.56372694
-0.730804075 -45.74092642
-0.737730964 -45.87093078
-0.728019993 -46.00945184
-0.709925171 -46.15352165
-0.735815841 -46.31108847
-0.781704973 -46.46590845
-0.786686496 -46.59406683
-0.745124027 -46.73984267
-0.721321926 -46.87815624
-0.769030552 -47.05383321
-0.789836492 -47.16297413
-0.794904811 -47.29340018
-0.768866452 -47.45492077
-0.760377118 -47.58394531
-0.78880574 -47.75167255
-0.812179764 -47.87892882
-0.803093311 -48.00828105
-0.785284608 -48.14668529
-0.770226799 -48.25183388
-0.822742966 -48.42409563
-0.850534549 -48.56442772
-0.843559856 -48.69479651
-0.795126207 -48.88325257
-0.800846657 -48.99766528
-0.835715646 -49.12897783
-0.869152988 -49.23443454
-0.857585161 -49.35470634
-0.824275549 -49.52575685
-0.832276972 -49.65038555
-0.862966178 -49.82779609
-0.901698319 -49.95371768
-0.907198729 -50.05839947
-0.873736001 -50.21868007
-0.867693056 -50.33715528
-0.896377747 -50.48768026
-0.944902815 -50.59787878
-0.938954473 -50.71125969
-0.899679451 -50.87020813
-0.858559565 -50.98732817
-0.876456748 -51.12560032
-0.911849391 -51.25187835
-0.917450196 -51.33290141
-0.914003891 -51.46386675
-0.87051465 -51.59593798
-0.88356326 -51.71903224
-0.937157597 -51.88840255
-0.959075613 -51.97284008
-0.939099938 -52.08290178
-0.893492168 -52.21258497
-0.895699175 -52.31842924
-0.92506543 -52.44574574
-0.95704307 -52.53456883
-0.934668967 -52.66798093
-0.904540921 -52.79711735
-0.894849046 -52.92737677
-0.938020822 -53.09562186
-0.969699975 -53.18421251
-0.978509779 -53.33712905
-0.947174023 -53.50161112
-0.951154303 -53.6533865
-0.986874566 -53.77747245
-0.988881493 -53.90476923
-0.937011333 -54.06755289
-0.913153337 -54.19166348
-0.94836572 -54.36818455
-0.995525963 -54.46462647
-0.998047392 -54.61094025
-0.967732329 -54.74793323
-0.978474168 -54.9051349
-1.020572127 -55.04970525
-1.033260589 -55.16418657
-0.965462799 -55.29032953
-0.950261777 -55.41961097
-0.961393933 -55.57426761
-0.991588088 -55.69414502
-0.992460561 -55.82166813
-0.933835807 -56.02659409
-0.913008323 -56.15621281
-0.930458804 -56.27285906
-0.953270411 -56.34599888
-0.933160775 -56.47764774
-0.930430961 -56.63370372
-0.943578559 -56.77849814
-1.009026716 -56.95174335
-1.032790333 -57.03940241
-1.041594928 -57.2108986
-1.029512941 -57.35755794
-1.026411196 -57.49911821
-1.078715894 -57.67222634
-1.091281712 -57.76000917
-1.070448476 -57.92372345
-1.044043449 -58.09597288
-1.042364626 -58.25678972
-1.102405142 -58.43091253
-1.128489249 -58.53977521
-1.119625154 -58.71993425
-1.104171042 -58.86928324
-1.136067108 -59.03482016
-1.153336237 -59.16663869
-1.129648813 -59.31153222
-1.108130832 -59.45257805
-1.134974021 -59.62507561
-1.179459078 -59.76630814
-1.191190161 -59.8920134
-1.161015333 -60.0712963
-1.146648999 -60.18495369
-1.191022018 -60.3809991
-1.216363622 -60.50709791
-1.186743711 -60.67061505
-1.152780756 -60.81065878
-1.170265914 -60.95489091
-1.217378223 -61.0950779
-1.216861881 -61.22454411
-1.177068053 -61.40338738
-1.162508522 -61.52035958
-1.197745023 -61.68994482
-1.228113754 -61.79646396
-1.206867188 -61.96371486
-1.150717581 -62.12618983
-1.111239552 -62.24359758
-1.062166286 -62.38388436
-1.001229377 -62.44716768
-0.887310633 -62.57609712
-0.805788855 -62.6383546
-0.727080464 -62.80039748
-0.682492872 -62.9400096
-0.622689713 -63.02574605
-0.497978291 -63.1418894
-0.425375235 -63.22770426
-0.345611259 -63.38765373
-0.305783636 -63.49951169
-0.242544931 -63.58588262
-0.127065855 -63.69475294
-0.043781457 -63.7702923
0.031504237 -63.91264928
0.074763282 -64.0375939
0.153742326 -64.12208291
0.273441112 -64.21786984
0.351770375 -64.33048512
0.418640547 -64.50475586
0.477279758 -64.58904554
0.614701369 -64.70761106
0.694780545 -64.78087868
0.779083688 -64.92696443
0.846200509 -65.07089869
0.922688351 -65.16512315
1.050583582 -65.28170844
1.146594694 -65.39189123
1.227437643 -65.55590576
1.266176846 -65.63806202
1.371787313 -65.75548616
1.488441271 -65.83644846
1.564820448 -65.95700615
1.625106886 -66.10139533
1.66330007 -66.17472108
1.791111378 -66.30902907
1.874512876 -66.38788033
1.959193655 -66.53126754
2.022671582 -66.6922245
2.074618334 -66.77894053
2.194403393 -66.90114436
2.275995769 -66.98106949
2.343795555 -67.12109758
2.382064935 -67.20756445
2.468664605 -67.29484477
2.584342791 -67.37900092
2.666455889 -67.48912424
2.754415997 -67.65873049
2.811044198 -67.7633059
2.92379649 -67.87731495
2.990229048 -67.96147616
3.067313821 -68.10541091
3.126683007 -68.20567118
3.224930438 -68.29844227
3.338997592 -68.39442517
3.417118325 -68.51885991
3.494084243 -68.69098697
3.553805507 -68.78961464
3.686799669 -68.89324163
3.771202732 -68.97539292
3.860151128 -69.13669987
3.896739092 -69.24997323
3.981984939 -69.35351018
4.112707603 -69.4710877
4.20107235 -69.59746917
4.284892876 -69.75775681
4.34435694 -69.85514006
4.475704912 -69.97668908
4.560255755 -70.07289873
4.636628617 -70.2382206
4.664404443 -70.32806573
4.705034475 -70.37635144
4.820462095 -70.46347011
4.920056888 -70.54931214
5.006531188 -70.68327251
5.070037063 -70.83712798
5.150224527 -70.94818354
5.294270134 -71.09279129
5.37858085 -71.20403515
5.47753085 -71.37003827
5.543581908 -71.48965196
5.653489587 -71.60471048
5.756674054 -71.71105261
5.842571482 -71.84654554
5.919601886 -72.00344876
5.985693768 -72.10965145
6.128030862 -72.24235113
6.213390133 -72.36721534
6.311780114 -72.54984079
6.384439801 -72.66005953
6.495559624 -72.77132358
6.608379978 -72.87359924
6.702284291 -73.02409148
6.761633885 -73.15751661
6.859672806 -73.27166361
6.977964614 -73.3858923
7.06930061 -73.51229605
7.162649799 -73.68684869
7.246561925 -73.80930269
7.389859492 -73.96987019
7.487480372 -74.09135523
7.586562779 -74.26743808
7.641774467 -74.3926954
7.791161371 -74.53553381
7.916139033 -74.6574639
8.0284238 -74.82908334
8.10473753 -74.95812045
8.239024621 -75.10681284
8.3552209 -75.21805019
8.448149032 -75.38528601
8.503070745 -75.50617315
8.614658293 -75.62074727
8.726215172 -75.72935316
8.821707703 -75.89330351
8.879905984 -76.0428711
8.989445043 -76.18866533
9.117809687 -76.31448972
9.215435271 -76.45655865
9.287869585 -76.60292932
9.359415614 -76.6972466
9.47941259 -76.79121596
9.554980488 -76.8772205
9.624859036 -77.04656143
9.662519395 -77.15212552
9.794824825 -77.25224346
9.897262424 -77.34305636
9.967050718 -77.46298836
10.02663685 -77.6061619
10.08927441 -77.71620279
10.22628228 -77.84478141
10.30301048 -77.92993873
10.36372441 -78.05798247
10.42052833 -78.16792201
10.52945304 -78.29313189
10.62356 -78.37023622
10.69307107 -78.48665969
10.74439685 -78.62265073
10.78996184 -78.70009189
10.89780627 -78.78901602
10.96812436 -78.85568386
11.04050193 -78.9927855
11.09257494 -79.10845769
11.15004895 -79.18615653
11.26532676 -79.26564106
11.34414023 -79.35365978
11.40353437 -79.51578645
11.44110639 -79.616889
11.54715529 -79.72962791
11.65135359 -79.82023384
11.74872814 -79.94855291
11.81497803 -80.08447504
11.89528981 -80.16520468
12.04021695 -80.2704544
12.11641502 -80.35353382
12.19751074 -80.52328885
12.24517651 -80.64141389
12.33979868 -80.76160294
12.46528041 -80.88549562
12.55035486 -81.00227091
12.63845823 -81.18207162
12.70256422 -81.27047237
12.8428845 -81.39852239
12.92507104 -81.53061921
12.96981969 -81.66124498
13.02443453 -81.77820329
13.11071135 -81.87630799
13.25041814 -81.98056533
13.31887303 -82.05808243
13.39662186 -82.20975482
13.46246379 -82.33323947
13.5473727 -82.43960607
13.67071779 -82.54565295
13.74683595 -82.64913774
13.83637698 -82.82283589
13.89311242 -82.9154508
14.00325168 -83.04197983
14.09677331 -83.14751772
14.19634425 -83.31601374
14.26698239 -83.42449377
14.34287459 -83.52950169
14.45765869 -83.64219391
14.52984074 -83.74617581
14.60549506 -83.89244111
14.67226217 -83.98617919
14.80509981 -84.11062015
14.88830993 -84.18491449
14.95741674 -84.32145656
15.03653669 -84.47593252
15.09724125 -84.54568461
15.22985216 -84.68162426
15.31239359 -84.79887416
15.39767902 -84.95632959
15.45193086 -85.03657999
15.56402993 -85.13500241
15.67007682 -85.22748523
15.74367498 -85.35897898
15.81406128 -85.5186381
15.88457496 -85.61882197
16.03024623 -85.75002604
16.12448193 -85.86000369
16.21912156 -86.04106052
16.29765633 -86.15547455
16.40783154 -86.27071097
16.52140352 -86.39834684
16.57166881 -86.52421502
16.64292311 -86.68031036
16.71158476 -86.77432672
16.84700914 -86.88494354
16.92902529 -86.98366247
17.01897864 -87.13344717
17.0798157 -87.2594685
17.17269889 -87.38487218
17.30097853 -87.49898019
17.37993374 -87.6111698
17.46216245 -87.77641098
17.53016716 -87.88679448
17.65276671 -88.01908925
17.74529034 -88.12481757
17.83685881 -88.26744722
17.90976251 -88.40872232
17.97941742 -88.50227373
18.09569204 -88.60668587
18.18791831 -88.69191055
18.2603749 -88.83530998
18.33581153 -88.96934322
18.43345846 -89.07820164
18.55469842 -89.189472
18.64510956 -89.29225406
18.74193836 -89.46987388
18.79840547 -89.56750822
18.90861248 -89.70262084
19.01797984 -89.82064602
19.1220745 -89.96931066
19.19766143 -90.10738105
19.26948932 -90.222209
19.40277555 -90.35563678
19.48042288 -90.44624765
19.56347519 -90.61784559
19.62133342 -90.74085701
19.71268532 -90.84733304
19.84742349 -90.97747087
19.92541009 -91.06519122
20.028148 -91.22859585
20.09225443 -91.35401834
20.17653847 -91.45401292
20.2960774 -91.57627591
20.36649931 -91.6708931
20.4456801 -91.83771705
20.51400985 -91.93801546
20.61837954 -92.05002709
20.70334895 -92.11499235
20.77832628 -92.2658042
20.8468391 -92.40313134
20.88842787 -92.4857015
21.02098092 -92.60164964
21.10252142 -92.66700187
21.1837177 -92.79988383
21.2490806 -92.95061728
21.30119976 -93.02167922
21.41902416 -93.14692491
21.51747349 -93.25990639
21.60776573 -93.40163366
21.6755206 -93.55040105
21.737503 -93.62499552
21.85452553 -93.72221179
21.9481896 -93.83199229
22.0291418 -94.00430241
22.07021425 -94.10713168
22.1551313 -94.20213602
22.29031596 -94.31583008
22.36709756 -94.41114031
22.45672229 -94.5659269
22.5178657 -94.6568663
22.63911796 -94.79807915
22.72293991 -94.90616454
22.80272596 -95.03686633
22.86565849 -95.17503917
22.93234989 -95.27712672
23.08097024 -95.39459672
23.15881374 -95.47928614
23.25280775 -95.65570769
23.29529658 -95.70878942
23.38101564 -95.82783752
23.48400938 -95.92841104
23.56226145 -96.03826465
23.64245073 -96.18112939
23.69846444 -96.26592061
23.816749 -96.39626696
23.90295641 -96.49260098
23.99811264 -96.64542738
24.04759413 -96.74916531
24.13555424 -96.85266897
24.23296616 -96.95372997
24.31094329 -97.07554528
24.38236017 -97.22301251
24.44380132 -97.30497841
24.56331964 -97.42339975
24.6330165 -97.4875823
24.68261211 -97.60068291
24.73128909 -97.70314025
24.80493113 -97.78570269
24.93218252 -97.91671994
24.98950913 -97.98393458
25.07156718 -98.13491838
25.11271148 -98.22591534
25.17555426 -98.30948952
25.29537306 -98.40851226
25.3684099 -98.49135637
25.44942726 -98.65997291
25.4800914 -98.75399808
25.58192144 -98.83400433
25.70006822 -98.92693503
25.76883245 -99.04375667
25.82339005 -99.19127971
25.85880359 -99.27032896
25.98683701 -99.37613615
26.08892326 -99.46776626
26.17554636 -99.61655472
26.23344523 -99.74248645
26.3095967 -99.8299689
26.43784096 -99.95057607
26.51398766 -100.0517224
26.58758404 -100.2051639
26.63794972 -100.3152685
26.7463665 -100.4318475
26.86171817 -100.5229413
26.93169871 -100.6079851
27.00559457 -100.7460365
27.03672124 -100.8343486
27.12793756 -100.9435705
27.24884103 -101.0520845
27.31406633 -101.1442928
27.38255213 -101.3125897
27.41993932 -101.4081678
27.50922127 -101.5169575
27.62764188 -101.6266263
27.6779008 -101.6993012
27.74487109 -101.8375067
27.78931434 -101.9358925
27.89830699 -102.0234888
28.00062477 -102.0995128
28.08092495 -102.204438
28.15367446 -102.3680589
28.20024021 -102.4492192
28.31826895 -102.54165
28.41297685 -102.597081
28.4873729 -102.7367977
28.54989157 -102.8937475
28.5958998 -102.9655815
28.73103767 -103.0920461
28.82493783 -103.1745533
28.89141586 -103.3080989
28.96297256 -103.4566917
29.02714992 -103.5511918
29.16078634 -103.6854256
29.23686549 -103.7648425
29.32468883 -103.8946173
29.38831037 -104.0251424
29.45109499 -104.1170058
29.58186893 -104.2443932
29.65662078 -104.3126939
29.73494056 -104.4514405
29.80019327 -104.5935049
29.88199689 -104.7029533
30.00379973 -104.8413295
30.07905984 -104.9341809
30.18022015 -105.0782751
30.24179471 -105.1977708
30.34385632 -105.3143351
30.42798631 -105.4279116
30.49646473 -105.5502093
30.57822128 -105.7166365
30.63676098 -105.8198524
30.72022591 -105.9328852
30.82553645 -106.0254923
30.91815999 -106.1616618
30.97553284 -106.3013365
31.02301847 -106.3919132
31.11290704 -106.4860485
31.22981897 -106.5897382
31.31290716 -106.7165959
31.38228723 -106.8714841
31.44492507 -106.9436878
31.55272466 -107.0401548
31.66028137 -107.1226589
31.7490994 -107.2722401
31.82584668 -107.4301689
31.89278837 -107.5404507
32.00990729 -107.6618285
32.09910854 -107.7631697
32.19636746 -107.899288
32.28761045 -108.014981
32.36961144 -108.1077247
32.4954483 -108.2307012
32.58281145 -108.339448
32.66398969 -108.5154095
32.7326205 -108.6277526
32.81942108 -108.7472155
32.93147954 -108.8602378
33.01511438 -108.9851579
33.10385115 -109.138455
33.17317008 -109.2399877
33.29443508 -109.3756912
33.39785518 -109.4790626
33.48372826 -109.6000599
33.55426072 -109.7666519
33.62135027 -109.8961666
33.71900281 -110.0084622
33.81975808 -110.1069916
33.9119608 -110.2465896
33.98435319 -110.4036125
34.05106465 -110.5222988
34.16634658 -110.6570265
34.26606616 -110.7654918
34.37561002 -110.9418226
34.46872908 -111.1064594
34.56884218 -111.2536228
34.70251296 -111.3821804
34.79888586 -111.5020249
34.88757935 -111.6791505
34.95634623 -111.8086455
35.05765572 -111.9412762
35.1993726 -112.0674821
35.3246945 -112.2007269
35.4356752 -112.3618179
35.52923511 -112.4954246
35.65342468 -112.6319716
35.75132203 -112.7386677
35.84629259 -112.8672758
35.90932678 -113.0043856
35.97941209 -113.1177523
36.11152195 -113.2663842
36.23911692 -113.4035569
36.34973367 -113.5669888
36.43822813 -113.7063077
36.56359279 -113.8412231
36.72620277 -113.961934
36.84858426 -114.0437785
36.97204601 -114.0814715
37.06522661 -114.0386275
37.10368905 -113.9623602
37.10969636 -113.9599152
37.11832998 -113.9645133
37.18446144 -113.8805335
37.25570587 -113.8103068
37.41944103 -113.7475143
37.53465013 -113.6965896
37.67861041 -113.5726457
37.77105872 -113.4541603
37.89402036 -113.3583792
38.0488739 -113.2998575
38.15275834 -113.2481411
38.27701676 -113.1236564
38.36458043 -113.043591
38.53769137 -112.9425125
38.653906 -112.8784575
38.76455602 -112.7957244
38.90363513 -112.6643159
39.00726979 -112.5725351
39.17617881 -112.4904468
39.27881087 -112.4276476
39.38564002 -112.3212963
39.48792348 -112.2142452
39.58838988 -112.1395356
39.7377167 -112.0724957
39.8368857 -112.0436288
39.95088742 -111.9450051
40.05746625 -111.8224958
40.18510775 -111.7171392
40.33998183 -111.6242333
40.46439529 -111.5402971
40.56718032 -111.4265132
40.68334885 -111.2939762
40.83428421 -111.2016358
40.9748853 -111.1304134
41.09605128 -111.0688037
41.20736138 -110.9692235
41.31620661 -110.8715227
41.43361816 -110.8004872
41.56467402 -110.7329537
41.66116747 -110.662093
41.76340399 -110.5339686
41.87673773 -110.4316919
42.0389968 -110.344548
42.1491528 -110.2870664
42.25504306 -110.2044484
42.36529388 -110.0871474
42.46627701 -109.9802218
42.61562175 -109.8788662
42.71599735 -109.8431639
42.8609755 -109.7157229
42.98174259 -109.5912647
43.11453006 -109.5055685
43.29368043 -109.444212
43.38408491 -109.3914691
43.52524689 -109.231128
43.61285572 -109.1232027
43.79986614 -109.0253311
43.94065879 -108.9423343
44.05803998 -108.8386426
44.16846244 -108.7188486
44.30816596 -108.6165219
44.46432234 -108.5367042
44.5668071 -108.4749663
44.68902822 -108.3332264
44.80527105 -108.246135
44.97272838 -108.1514016
45.0825938 -108.0784159
45.19987423 -107.9522696
45.30056466 -107.8657336
45.47121761 -107.7751158
45.59623225 -107.718081
45.68899017 -107.6229652
45.78090609 -107.4996737
45.87262079 -107.4401756
46.05889296 -107.3715471
46.17263208 -107.337126
46.25926654 -107.2431095
46.31980221 -107.1301166
46.40119555 -107.0603393
46.53403547 -106.9844226
46.62015854 -106.9324379
46.72297309 -106.8342091
46.8005412 -106.7520769
46.91292728 -106.6861074
47.02766555 -106.6498727
47.12013903 -106.5912571
47.23304802 -106.4554785
47.30898854 -106.3700756
47.40968633 -106.3183897
47.515856 -106.271478
47.60015607 -106.2372561
47.68967061 -106.1424582
47.74143905 -106.0634004
47.79727625 -106.0110414
47.91560902 -105.9692973
47.99555839 -105.9535722
48.04062143 -105.9238689
48.09984015 -105.8413011
48.16757047 -105.7760763
48.29344147 -105.7189676
48.40116487 -105.6967686
48.45465303 -105.6333078
48.54595755 -105.5052832
48.62294475 -105.4407175
48.75064741 -105.3652214
48.87524372 -105.3155324
48.93834846 -105.2747913
49.00368124 -105.1925642
49.05757554 -105.1001752
49.13798597 -105.031389
49.30994349 -104.9492954
49.41921062 -104.9122493
49.50607979 -104.8196668
49.59634125 -104.6997794
49.73878291 -104.6186976
49.86870999 -104.5830442
49.94405281 -104.5351584
50.02183115 -104.451914
50.10768225 -104.3680107
50.23739067 -104.30701
50.32605679 -104.2785793
50.39389927 -104.1885227
50.46780405 -104.0989648
50.53196811 -104.0321403
50.66406284 -103.9780819
50.79649262 -103.9284107
50.89544809 -103.8876015
51.00090146 -103.7487026
51.06580368 -103.6394967
51.18469441 -103.5700343
51.31099179 -103.5268728
51.38670285 -103.4745429
51.47916533 -103.3755978
51.56345593 -103.3014046
51.70254792 -103.2345673
51.8286262 -103.1636806
51.88603878 -103.1139654
51.96542242 -102.9911697
52.03235083 -102.9134465
52.16115083 -102.8510926
52.29946852 -102.8148383
52.37527588 -102.7751245
52.48773216 -102.6475895
52.55902958 -102.5664213
52.68195871 -102.4878162
52.80066452 -102.4391134
52.87148447 -102.3982942
52.96110266 -102.3163183
53.03812894 -102.23998
53.12883871 -102.1669166
53.26087158 -102.0949623
53.35797204 -102.0540364
53.41478367 -101.981794
53.49823939 -101.8720713
53.5923348 -101.7893981
53.70639968 -101.7377056
53.802518 -101.7192538
53.90999272 -101.6629347
53.99332188 -101.5525366
54.07295015 -101.4846731
54.18153434 -101.42326
54.29153182 -101.3727074
54.3522594 -101.3112459
54.46270807 -101.190767
54.546412 -101.0984521
54.67001969 -101.0395497
54.81204125 -100.9925395
54.90007017 -100.952882
54.98268978 -100.8450934
55.05981083 -100.7479617
55.13306349 -100.6881837
55.26236654 -100.6318008
55.36948975 -100.6069649
55.4062432 -100.566587
55.48256582 -100.4536801
55.54987431 -100.3580627
55.66809843 -100.2797348
55.79828511 -100.240883
55.86781657 -100.1867391
55.93877141 -100.0858506
56.01521961 -99.99355509
56.13310586 -99.91927607
56.28757034 -99.86972428
56.38337303 -99.83323731
56.47319029 -99.74207845
56.54892832 -99.63170219
56.62472075 -99.56052164
56.78061538 -99.49431224
56.88183129 -99.44780539
56.96565554 -99.36986781
57.06273767 -99.26809693
57.13988598 -99.18538471
57.27508882 -99.11343743
57.40699502 -99.05434977
57.47794184 -99.02056941
57.56802852 -98.92555713
57.63361371 -98.85346007
57.75445325 -98.79281333
57.88857099 -98.74204838
57.94893234 -98.70369429
58.00108035 -98.64816868
58.06935369 -98.54884642
58.12304822 -98.48079049
58.21947404 -98.41607717
58.32830703 -98.38320584
58.38745437 -98.35745577
58.45704102 -98.30107348
58.51822829 -98.19654173
58.57756631 -98.12280333
58.69496424 -98.04933628
58.83043424 -98.00545129
58.90153889 -97.95002636
58.99790699 -97.8661141
59.08170074 -97.75791327
59.1582304 -97.68658566
59.28397025 -97.62772685
59.40828215 -97.58785769
59.48462967 -97.54757015
59.5795022 -97.45733637
59.66581478 -97.35261557
59.77128258 -97.29138809
59.90393755 -97.25494755
59.98805666 -97.21868402
60.08427151 -97.11169782
60.16737406 -97.0056272
60.27181886 -96.92652797
60.42936624 -96.88562944
60.53782428 -96.81476945
60.61598625 -96.73743057
60.69527383 -96.64740807
60.78458896 -96.57573917
60.9412179 -96.51105154
61.06291967 -96.47566257
61.14295548 -96.42263709
61.24223541 -96.30246995
61.32666418 -96.21431319
61.51424534 -96.10710514
61.66229396 -96.0380196
61.7567196 -95.98255755
61.86863111 -95.88598009
61.97651419 -95.75448246
62.0685781 -95.67948942
62.22527416 -95.60588044
62.31835905 -95.55040518
62.37365878 -95.46908195
62.47802048 -95.35074018
62.57445588 -95.27303381
62.71259334 -95.19927842
62.85888268 -95.14589292
62.94071086 -95.09143475
63.03461778 -94.99297931
63.13195638 -94.88689727
63.25445074 -94.79496202
63.38412974 -94.76459563
63.5182231 -94.6865931
63.61045254 -94.58258649
63.72545594 -94.47212801
63.83048513 -94.43669531
63.94689633 -94.42245724
64.03574762 -94.35733207
64.10816118 -94.25656029
64.23003723 -94.12901236
64.38142878 -94.02833711
64.51632231 -93.96924949
64.6045692 -93.90080139
64.71726012 -93.77908234
64.81108227 -93.67647033
64.92885564 -93.59637996
65.07689583 -93.53388607
65.17580629 -93.49186344
65.29285168 -93.37822904
65.37442215 -93.28988667
65.47902001 -93.20917769
65.62537255 -93.14936268
65.72003615 -93.09405453
65.7915292 -93.02927853
65.8664792 -92.92913729
65.96908416 -92.85430385
66.09149746 -92.79076811
66.18560316 -92.75242531
66.2795741 -92.69450721
66.35603719 -92.61615833
66.42949424 -92.51121982
66.53148473 -92.42934413
66.68858323 -92.37628091
66.78868222 -92.31833826
66.89691842 -92.23336372
67.00001614 -92.12494916
67.10753915 -92.03869752
67.26251316 -91.95592342
67.36799352 -91.91029615
67.4731668 -91.82809266
67.59983769 -91.68597444
67.6898682 -91.6147292
67.83240627 -91.53431403
67.97528502 -91.47287239
68.09944653 -91.38914755
68.2387516 -91.25462309
68.33188752 -91.16356839
68.52666776 -91.06021003
68.64735555 -91.00512065
68.74246825 -90.9205583
68.86013108 -90.77486409
68.89863762 -90.6807201
68.90584126 -90.56897047
68.8980654 -90.466303
68.85652066 -90.40647491
68.81385462 -90.40461323
68.80183036 -90.38745588
68.69789383 -90.25656132
68.57291317 -90.16258411
68.49828639 -90.07429125
68.41517395 -89.90983929
68.37833443 -89.81468612
68.31085105 -89.71099075
68.17752868 -89.56735737
68.10120869 -89.47392428
68.02418501 -89.33118071
67.94370838 -89.18228456
67.8847836 -89.07638668
67.76392808 -88.94710791
67.66819109 -88.8504701
67.57972999 -88.71903999
67.50816016 -88.56282589
67.4659858 -88.48998028
67.38451919 -88.3765057
67.28312907 -88.27624504
67.24253958 -88.21774142
67.19578355 -88.13637571
67.12752879 -87.99549193
67.07305682 -87.91661246
67.00468125 -87.81074151
66.88776023 -87.7132624
66.81964718 -87.64353919
66.7520267 -87.51873666
66.69149938 -87.37267693
66.6378013 -87.27835692
66.53047097 -87.15091422
66.43850772 -87.03054498
66.35349558 -86.87431171
66.29311468 -86.75707935
66.21921615 -86.6943592
66.09641228 -86.5697917
66.00424111 -86.47237589
65.91712947 -86.32958151
65.83640595 -86.16722525
65.75200003 -86.04134586
65.61467565 -85.89475486
65.52849081 -85.79862747
65.43322234 -85.63399982
65.3646019 -85.5034663
65.2904806 -85.40276331
65.15384507 -85.24613926
65.05257055 -85.12374467
64.94075838 -84.95172418
64.85309395 -84.83133658
64.75494668 -84.68696908
64.63087385 -84.55493799
64.54317618 -84.41630499
64.45352631 -84.25381283
64.3917278 -84.15450362
64.25904256 -83.99024233
64.14659708 -83.85627098
64.02586699 -83.67274473
63.93961781 -83.52016019
63.84930028 -83.40139333
63.70790658 -83.23926786
63.62597724 -83.11319367
63.52952108 -82.94535032
63.45304518 -82.81298435
63.3514223 -82.69809814
63.23155013 -82.56383491
63.13026099 -82.41633694
63.05330274 -82.29020154
62.97401936 -82.16030393
62.86450794 -82.03409614
62.75470177 -81.91877478
62.65511809 -81.7856539
62.54959113 -81.62144903
62.4848428 -81.49726702
62.37971467 -81.37520504
62.29007615 -81.27533321
62.20274797 -81.1405857
62.12638197 -80.9806596
62.06785101 -80.88517915
61.96441639 -80.76665707
61.86737999 -80.66255452
61.78094427 -80.52360402
61.6877483 -80.38606372
61.63931652 -80.29113748
61.53448479 -80.17487101
61.43750505 -80.07167751
61.37543953 -79.94828405
61.31049735 -79.81881342
61.23775571 -79.73064607
61.17402737 -79.64432499
61.11984983 -79.54023204
61.09177035 -79.44955986
61.04872423 -79.39471164
60.95964573 -79.31445425
60.88486782 -79.24922369
60.79299193 -79.12020059
60.71289267 -78.98294819
60.63638288 -78.87137801
60.51941924 -78.73200588
60.4566411 -78.60413462
60.41141973 -78.48108105
60.31698425 -78.35442149
60.19422566 -78.22309609
60.11143011 -78.11487471
60.04229071 -77.96524652
59.9572779 -77.83212703
59.83637459 -77.69294704
59.70479563 -77.53163924
59.61906784 -77.38136088
59.54729413 -77.23047351
59.46120274 -77.10641956
59.32021723 -77.00212089
59.23497391 -76.89015547
59.16562173 -76.73573329
59.10418495 -76.61582373
59.02886113 -76.52344233
58.8949156 -76.39370063
58.80592634 -76.2943871
58.73717391 -76.14659509
58.6819811 -76.03159606
58.59334339 -75.91991223
58.46923346 -75.8071679
58.38015953 -75.68219199
58.29878322 -75.50503407
58.23060905 -75.38991921
58.15143312 -75.31216704
58.01763529 -75.19290193
57.92642078 -75.08084513
57.82518611 -74.93033142
57.75396906 -74.79357141
57.68967547 -74.69732931
57.57882844 -74.58929167
57.46682176 -74.44943102
57.38639329 -74.27936621
57.32187249 -74.17313221
57.22431742 -74.04514917
57.1084242 -73.95984167
57.00039694 -73.81476831
56.91439416 -73.65415328
56.83587365 -73.52980993
56.72419529 -73.41163532
56.65354459 -73.32060638
56.57863194 -73.1760689
56.53079518 -73.04966878
56.46068545 -72.92778117
56.35321467 -72.84462503
56.25191576 -72.76109545
56.18346866 -72.64355436
56.12028914 -72.51342722
56.06366198 -72.42077074
55.95602479 -72.29577018
55.84484337 -72.18691194
55.76705847 -72.06166701
55.67129961 -71.88197719
55.60934727 -71.76598022
55.52377438 -71.65705048
55.38473046 -71.52113896
55.30320491 -71.4291146
55.21247109 -71.28618158
55.16264846 -71.18936549
55.10455065 -71.10168243
54.99349594 -70.99429223
54.91325648 -70.88379861
54.83240391 -70.71525697
54.78188294 -70.61518295
54.70437013 -70.50512901
54.58193226 -70.38294558
54.49252219 -70.25719472
54.40693344 -70.08496625
54.35366144 -69.96040045
54.26436053 -69.87082197
54.12196807 -69.72682618
54.05166133 -69.61884657
53.95186454 -69.46341915
53.86967422 -69.33779222
53.80463712 -69.22832249
53.66841856 -69.07912179
53.57350379 -68.95622379
53.48079043 -68.80129612
53.40861465 -68.66808117
53.30406386 -68.55164256
53.16198857 -68.39458168
53.0772591 -68.29786222
53.00080869 -68.17199774
52.92769663 -68.04970563
52.85591791 -67.93956634
52.75962364 -67.81448173
52.67998904 -67.71128148
52.60072604 -67.57607297
52.52369381 -67.45027767
52.45855203 -67.35708191
52.3571431 -67.24218102
52.2593389 -67.14061728
52.17615194 -66.99722629
52.10013193 -66.85653302
52.02936942 -66.74970956
51.94539094 -66.65606716
51.84263138 -66.55256097
51.75390054 -66.41224996
51.67294103 -66.26043944
51.59974574 -66.14071996
51.50780234 -66.04372439
51.38490407 -65.93874628
51.27609996 -65.81834973
51.23470316 -65.67262596
51.22972972 -65.59549627
51.17095632 -65.51670365
51.07872854 -65.40762589
50.99689008 -65.31700702
50.88049611 -65.17668886
50.80055259 -65.06483483
50.77553873 -65.01114167
50.68485131 -64.93827581
50.56032855 -64.81999062
50.48524891 -64.73118508
50.41766451 -64.58473331
50.36591939 -64.46487463
50.2899377 -64.36339933
50.19710969 -64.25925209
50.11172342 -64.18128508
50.0444154 -64.07937969
49.99110365 -63.95824172
49.94069989 -63.84953023
49.87672436 -63.77962246
49.76503534 -63.68283133
49.68549164 -63.58999882
49.62999805 -63.45816922
49.57817162 -63.34800106
49.49498845 -63.24393339
49.38255102 -63.12329109
49.30168637 -63.02833516
49.21819484 -62.87139802
49.17699237 -62.75086072
49.08223843 -62.64606059
48.97757098 -62.5665173
48.89167368 -62.45690452
48.82320875 -62.312751
48.78382235 -62.20648833
48.70420236 -62.09374744
48.60175961 -62.00983877
48.50024442 -61.88696249
48.42901552 -61.75568897
48.37843753 -61.65750272
48.32572336 -61.58327062
48.2393149 -61.49179096
48.14380592 -61.3653037
48.06422457 -61.24000525
48.0087212 -61.09648502
47.97207117 -61.03978589
47.87691276 -60.96028649
47.78277995 -60.88107021
47.6930243 -60.76673729
47.62090892 -60.61203408
47.59139913 -60.5276705
47.52144237 -60.46350848
47.42363219 -60.38957744
47.3491914 -60.3083714
47.27785474 -60.18309893
47.23843615 -60.07688075
47.19162747 -59.99251043
47.10277518 -59.89479489
47.00097177 -59.80533229
46.91748441 -59.68651441
46.84276442 -59.53296131
46.80584384 -59.42837813
46.74672 -59.33803425
46.64970306 -59.23939654
46.55741192 -59.12958476
46.50396785 -59.00194883
46.46853182 -58.92627473
46.40222292 -58.84923605
46.27861448 -58.76241392
46.1846442 -58.68213696
46.1099838 -58.53738051
46.06192066 -58.421275
45.99034756 -58.33403638
45.89773375 -58.25495445
45.80958761 -58.16148785
45.74874812 -58.02398192
45.71132774 -57.90099831
45.64757771 -57.82241149
45.52138116 -57.71520381
45.4225325 -57.60946963
45.34912833 -57.47450062
45.30805177 -57.3574432
45.25013916 -57.27726607
45.14806957 -57.17922753
45.04122161 -57.09294022
44.98244566 -56.98156108
44.95173266 -56.85456657
44.92054247 -56.76154244
44.83249398 -56.67070112
44.72472322 -56.57348078
44.64032981 -56.47395451
44.53012445 -56.29101399
44.47137943 -56.20749757
44.38425578 -56.0976702
44.2560895 -55.97462736
44.17164762 -55.85366962
44.08262778 -55.692238
44.00890847 -55.5655026
43.91691484 -55.44075025
43.79427337 -55.31592223
43.69986907 -55.19641216
43.59329363 -55.02376144
43.51333563 -54.91905515
43.40105179 -54.80594804
43.28160855 -54.68675988
43.21525181 -54.57592887
43.13447806 -54.38422309
43.06412288 -54.27392491
42.94002941 -54.12531023
