0 0
0 0
0 0
0 0
0 0
0 0
0 0
0 0
0 0
0 0
0 0
0 0
0 0
0 0
0 0
0 0
0 0
0 0
0 0
0 0
0 0
-0.00750732421875 0.0006866455078125
-0.0068511962890625 0.0039825439453125
-0.0091705322265625 0.006195068359375
-0.007537841796875 0.00445556640625
-0.00872802734375 0.0077362060546875
-0.0089874267578125 0.0051422119140625
-0.009185791015625 0.0065765380859375
-0.0099334716796875 0.0040130615234375
-0.0090179443359375 0.005615234375
-0.0090484619140625 0.00146484375
-0.0097808837890625 -0.00140380859375
-0.004638671875 -0.014434814453125
0.0039520263671875 -0.0425262451171875
0.0235443115234375 -0.1363372802734375
0.03570556640625 -0.2964324951171875
0.02032470703125 -0.4714813232421875
0.054473876953125 -0.6168670654296875
0.0815582275390625 -0.68170166015625
0.0764312744140625 -0.7643280029296875
0.05322265625 -0.9029541015625
0.0206146240234375 -1.0345306396484375
0.030975341796875 -1.164215087890625
0.055206298828125 -1.32830810546875
0.04150390625 -1.4776458740234375
0.0299835205078125 -1.61737060546875
0.06317138671875 -1.8005218505859375
0.0601043701171875 -1.9461669921875
0.02618408203125 -2.1205902099609375
0.0423736572265625 -2.28472900390625
0.074615478515625 -2.44635009765625
0.069305419921875 -2.585540771484375
0.05035400390625 -2.7255706787109375
0.05963134765625 -2.8982086181640625
0.07904052734375 -3.058807373046875
0.04290771484375 -3.2272491455078125
0.04046630859375 -3.3443145751953125
0.0894317626953125 -3.5216064453125
0.11090087890625 -3.6520843505859375
0.07293701171875 -3.83984375
0.07025146484375 -3.9690399169921875
0.11956787109375 -4.153778076171875
0.12725830078125 -4.275054931640625
0.089874267578125 -4.4320068359375
0.085968017578125 -4.55859375
0.11798095703125 -4.7283935546875
0.13238525390625 -4.8584136962890625
0.1125335693359375 -5.02264404296875
0.1162109375 -5.1520538330078125
0.15924072265625 -5.31414794921875
0.161529541015625 -5.4543914794921875
0.1357421875 -5.628173828125
0.1345062255859375 -5.7556304931640625
0.162841796875 -5.9091796875
0.15655517578125 -6.056121826171875
0.11956787109375 -6.1820068359375
0.1237945556640625 -6.3076324462890625
0.1680908203125 -6.469268798828125
0.16705322265625 -6.6004486083984375
0.1301727294921875 -6.7491455078125
0.1306304931640625 -6.874908447265625
0.158905029296875 -7.0517578125
0.1638946533203125 -7.210296630859375
0.147735595703125 -7.3985595703125
0.144683837890625 -7.54632568359375
0.18292236328125 -7.7083892822265625
0.19342041015625 -7.8447265625
0.15960693359375 -8.035736083984375
0.1484222412109375 -8.177093505859375
0.18670654296875 -8.3713836669921875
0.19110107421875 -8.51055908203125
0.168548583984375 -8.6811370849609375
0.17987060546875 -8.8131103515625
0.215850830078125 -8.9979095458984375
0.2188873291015625 -9.1358642578125
0.1864013671875 -9.31329345703125
0.177825927734375 -9.4420013427734375
0.2075958251953125 -9.61309814453125
0.2360687255859375 -9.751678466796875
0.2263336181640625 -9.9293060302734375
0.2155609130859375 -10.062286376953125
0.236785888671875 -10.21307373046875
0.2633056640625 -10.37066650390625
0.255462646484375 -10.537322998046875
0.2293548583984375 -10.6833953857421875
0.23699951171875 -10.8260345458984375
0.2681732177734375 -11.01324462890625
0.2593994140625 -11.1688079833984375
0.2304229736328125 -11.333587646484375
0.2401123046875 -11.446502685546875
0.29638671875 -11.6189727783203125
0.3080902099609375 -11.770721435546875
0.27587890625 -11.9517669677734375
0.2630462646484375 -12.0962371826171875
0.2841949462890625 -12.284881591796875
0.2881622314453125 -12.443389892578125
0.260284423828125 -12.63623046875
0.2478790283203125 -12.762451171875
0.261383056640625 -12.91748046875
0.2734527587890625 -13.0683441162109375
0.2727813720703125 -13.238433837890625
0.242034912109375 -13.391143798828125
0.2365875244140625 -13.48907470703125
0.2820892333984375 -13.637176513671875
0.2914276123046875 -13.74896240234375
0.2616424560546875 -13.9053955078125
0.248077392578125 -14.011505126953125
0.2763519287109375 -14.1574859619140625
0.3056640625 -14.2861175537109375
0.2928466796875 -14.4185638427734375
0.258544921875 -14.5637969970703125
0.253936767578125 -14.674560546875
0.27630615234375 -14.83770751953125
0.2771759033203125 -14.985321044921875
0.2455291748046875 -15.1522674560546875
0.22900390625 -15.2574920654296875
0.2698974609375 -15.408660888671875
0.302490234375 -15.54156494140625
0.2841796875 -15.6882171630859375
0.257720947265625 -15.830657958984375
0.268585205078125 -15.965911865234375
0.3010711669921875 -16.1241455078125
0.2983551025390625 -16.27545166015625
0.2621917724609375 -16.426513671875
0.2591094970703125 -16.5341796875
0.29803466796875 -16.68255615234375
0.32598876953125 -16.793182373046875
0.3106842041015625 -16.920654296875
0.2749786376953125 -17.0152130126953125
0.2732696533203125 -17.1181793212890625
0.3143768310546875 -17.28216552734375
0.33868408203125 -17.399749755859375
0.3166656494140625 -17.5747833251953125
0.292938232421875 -17.69696044921875
0.297698974609375 -17.79608154296875
0.32769775390625 -17.9288177490234375
0.3195648193359375 -18.0285186767578125
0.3007354736328125 -18.1519622802734375
0.2834014892578125 -18.222900390625
0.3174285888671875 -18.36639404296875
0.33966064453125 -18.465362548828125
0.322784423828125 -18.634613037109375
0.3000335693359375 -18.7693328857421875
0.3088531494140625 -18.924652099609375
0.350616455078125 -19.0712738037109375
0.34930419921875 -19.176025390625
0.3132781982421875 -19.3583221435546875
0.2982940673828125 -19.4736480712890625
0.33355712890625 -19.6502532958984375
0.364776611328125 -19.78424072265625
0.3372344970703125 -19.9598541259765625
0.3184814453125 -20.080078125
0.3257598876953125 -20.20697021484375
0.3665008544921875 -20.385498046875
0.3683929443359375 -20.5027618408203125
0.3370361328125 -20.6310882568359375
0.326507568359375 -20.7058563232421875
0.3399658203125 -20.77532958984375
0.357421875 -20.834625244140625
0.3862762451171875 -20.924041748046875
0.36663818359375 -21.0293731689453125
0.332275390625 -21.1571502685546875
0.3515167236328125 -21.2959136962890625
0.3814239501953125 -21.42474365234375
0.3740997314453125 -21.576690673828125
0.3380584716796875 -21.723907470703125
0.334228515625 -21.848876953125
0.3605804443359375 -22.0263519287109375
0.3749847412109375 -22.1713104248046875
0.359283447265625 -22.3502197265625
0.34576416015625 -22.4670257568359375
0.379608154296875 -22.616607666015625
0.40301513671875 -22.746490478515625
0.38079833984375 -22.9168701171875
0.36077880859375 -23.0386505126953125
0.377593994140625 -23.2017059326171875
0.4012451171875 -23.346099853515625
0.3791046142578125 -23.4752349853515625
0.353546142578125 -23.59759521484375
0.3698577880859375 -23.750274658203125
0.409332275390625 -23.88836669921875
0.412750244140625 -24.01318359375
0.38482666015625 -24.1768646240234375
0.3857421875 -24.295806884765625
0.4058685302734375 -24.4368133544921875
0.42498779296875 -24.5593109130859375
0.3994598388671875 -24.7201995849609375
0.37493896484375 -24.8586273193359375
0.3954010009765625 -25.003173828125
0.4231109619140625 -25.141265869140625
0.4070892333984375 -25.290130615234375
0.3803863525390625 -25.4918670654296875
0.3976287841796875 -25.619171142578125
0.4466552734375 -25.8001861572265625
0.4517669677734375 -25.910675048828125
0.4188690185546875 -26.092529296875
0.4063262939453125 -26.2040863037109375
0.43182373046875 -26.3635711669921875
0.4508209228515625 -26.488311767578125
0.4345245361328125 -26.6600341796875
0.4226837158203125 -26.8413543701171875
0.42755126953125 -26.9525604248046875
0.4644622802734375 -27.1244964599609375
0.4731597900390625 -27.249755859375
0.44671630859375 -27.4681854248046875
0.448272705078125 -27.5667572021484375
0.4580078125 -27.7313232421875
0.47418212890625 -27.8732757568359375
0.463134765625 -28.0771331787109375
0.44561767578125 -28.21484375
0.4631195068359375 -28.3563690185546875
0.4872283935546875 -28.49493408203125
0.463531494140625 -28.697296142578125
0.4430694580078125 -28.8267974853515625
0.4630126953125 -28.95654296875
0.4966888427734375 -29.1273040771484375
0.4896087646484375 -29.3027801513671875
0.461639404296875 -29.4691619873046875
0.4866485595703125 -29.6290740966796875
0.5175933837890625 -29.7804412841796875
0.504852294921875 -29.9266357421875
0.46923828125 -30.0815582275390625
0.473541259765625 -30.2076568603515625
0.5057220458984375 -30.33734130859375
0.5172576904296875 -30.4652862548828125
0.4881744384765625 -30.60369873046875
0.4765625 -30.7318572998046875
0.509857177734375 -30.92431640625
0.5222015380859375 -31.0498046875
0.500946044921875 -31.20709228515625
0.4981231689453125 -31.319488525390625
0.5270233154296875 -31.466583251953125
0.5572052001953125 -31.6195831298828125
0.5436553955078125 -31.8000946044921875
0.52984619140625 -31.920135498046875
0.542236328125 -32.0715484619140625
0.5718536376953125 -32.2464599609375
0.5393524169921875 -32.397918701171875
0.5026092529296875 -32.5279998779296875
0.5079803466796875 -32.6260986328125
0.54986572265625 -32.763092041015625
0.5735321044921875 -32.8845672607421875
0.54541015625 -33.0510101318359375
0.5311431884765625 -33.1569671630859375
0.55712890625 -33.320648193359375
0.5916900634765625 -33.4279632568359375
0.592193603515625 -33.5572052001953125
0.5600738525390625 -33.713409423828125
0.5464935302734375 -33.8081207275390625
0.5799560546875 -33.9589691162109375
0.604766845703125 -34.0871429443359375
0.5881805419921875 -34.25433349609375
0.558929443359375 -34.398162841796875
0.560302734375 -34.506256103515625
0.6004180908203125 -34.6680908203125
0.6306610107421875 -34.7788543701171875
0.62152099609375 -34.95745849609375
0.6006011962890625 -35.0995941162109375
0.5930023193359375 -35.2647857666015625
0.628753662109375 -35.43695068359375
0.6422882080078125 -35.551971435546875
0.6298065185546875 -35.74169921875
0.619384765625 -35.86016845703125
0.636016845703125 -36.0485687255859375
0.6600341796875 -36.1636962890625
0.6391448974609375 -36.3272857666015625
0.6026611328125 -36.4631195068359375
0.6030120849609375 -36.571319580078125
0.6434326171875 -36.75921630859375
0.663970947265625 -36.8585357666015625
0.6202392578125 -37.0366973876953125
0.5902252197265625 -37.139129638671875
0.6050567626953125 -37.3013763427734375
0.6485748291015625 -37.4573211669921875
0.6578521728515625 -37.571746826171875
0.634765625 -37.7560577392578125
0.6190948486328125 -37.87261962890625
0.6492156982421875 -38.0794219970703125
0.658050537109375 -38.191925048828125
0.6327972412109375 -38.3654327392578125
0.6162109375 -38.504241943359375
0.6403045654296875 -38.6621856689453125
0.6773529052734375 -38.8009490966796875
0.65704345703125 -38.9771270751953125
0.6323699951171875 -39.1399383544921875
0.63970947265625 -39.27899169921875
0.6839599609375 -39.4583892822265625
0.68011474609375 -39.59942626953125
0.6566925048828125 -39.774688720703125
0.6613616943359375 -39.9078826904296875
0.6861572265625 -40.1277923583984375
0.671661376953125 -40.2664337158203125
0.63153076171875 -40.4703369140625
0.6038055419921875 -40.6042938232421875
0.62872314453125 -40.7932281494140625
0.6722412109375 -40.9369964599609375
0.6831817626953125 -41.0764923095703125
0.6588592529296875 -41.273834228515625
0.676177978515625 -41.4459686279296875
0.7024688720703125 -41.6329498291015625
0.7126312255859375 -41.785247802734375
0.68902587890625 -41.9867095947265625
0.6774139404296875 -42.1280364990234375
0.70697021484375 -42.3135833740234375
0.726043701171875 -42.45501708984375
0.69677734375 -42.6464691162109375
0.679656982421875 -42.7881927490234375
0.7050018310546875 -42.95318603515625
0.72589111328125 -43.109100341796875
0.695068359375 -43.297760009765625
0.672119140625 -43.448944091796875
0.6885833740234375 -43.6064910888671875
0.7265472412109375 -43.7772369384765625
0.725189208984375 -43.9200286865234375
0.68719482421875 -44.0962066650390625
0.6834869384765625 -44.235565185546875
0.722991943359375 -44.4229888916015625
0.7451171875 -44.5559539794921875
0.706298828125 -44.751068115234375
0.703643798828125 -44.8929290771484375
0.740478515625 -45.14410400390625
0.7565765380859375 -45.2650604248046875
0.73028564453125 -45.4412689208984375
0.6982574462890625 -45.616851806640625
0.7103424072265625 -45.7898712158203125
0.751434326171875 -45.9662933349609375
0.7353515625 -46.1358489990234375
0.7076416015625 -46.3133392333984375
0.71270751953125 -46.45751953125
0.750244140625 -46.6437835693359375
0.765106201171875 -46.7924652099609375
0.7375335693359375 -47.0181121826171875
0.735198974609375 -47.151275634765625
0.7869873046875 -47.3385772705078125
0.8117218017578125 -47.4643402099609375
0.7935028076171875 -47.6399383544921875
0.7578277587890625 -47.8131256103515625
0.772979736328125 -47.9898681640625
0.814453125 -48.160308837890625
0.7982025146484375 -48.3294525146484375
0.76580810546875 -48.517578125
0.7667999267578125 -48.6572418212890625
0.804351806640625 -48.8329010009765625
0.7958831787109375 -48.992950439453125
0.7730560302734375 -49.1756439208984375
0.7676239013671875 -49.2935333251953125
0.80047607421875 -49.4658966064453125
0.80914306640625 -49.6271820068359375
0.77374267578125 -49.84283447265625
0.7631988525390625 -49.9725799560546875
0.800872802734375 -50.164154052734375
0.834075927734375 -50.3239288330078125
0.8165740966796875 -50.5076141357421875
0.78271484375 -50.6917877197265625
0.7930908203125 -50.8498992919921875
0.8326416015625 -51.0521392822265625
0.8277435302734375 -51.2435150146484375
0.78863525390625 -51.440032958984375
0.8023681640625 -51.6275482177734375
0.8322906494140625 -51.8017425537109375
0.81298828125 -51.9786224365234375
0.7708587646484375 -52.1508331298828125
0.764984130859375 -52.2269287109375
0.8108978271484375 -52.32958984375
0.8397216796875 -52.4069061279296875
0.81683349609375 -52.5212249755859375
0.7775726318359375 -52.60186767578125
0.8065185546875 -52.7230682373046875
0.8525390625 -52.8487548828125
0.8515625 -52.953399658203125
0.8108673095703125 -53.087677001953125
0.79400634765625 -53.1757049560546875
0.838409423828125 -53.3311004638671875
0.8627166748046875 -53.4206390380859375
0.8381805419921875 -53.549957275390625
0.794952392578125 -53.652679443359375
0.7865447998046875 -53.74163818359375
0.8361968994140625 -53.8891448974609375
0.8486480712890625 -53.9842529296875
0.81756591796875 -54.1324310302734375
0.8028564453125 -54.217864990234375
0.8396453857421875 -54.3738555908203125
0.8665771484375 -54.4817962646484375
0.84222412109375 -54.6530303955078125
0.7919158935546875 -54.7935638427734375
0.800079345703125 -54.9119720458984375
0.8453216552734375 -55.0673370361328125
0.8522796630859375 -55.1769256591796875
0.80474853515625 -55.3122100830078125
0.7691650390625 -55.4076080322265625
0.80230712890625 -55.5424346923828125
0.8499298095703125 -55.685577392578125
0.8364410400390625 -55.83538818359375
0.7928466796875 -56.0335693359375
0.805908203125 -56.1396484375
0.8651275634765625 -56.27166748046875
0.858123779296875 -56.418670654296875
0.813232421875 -56.5811309814453125
0.7975616455078125 -56.7231292724609375
0.83404541015625 -56.888092041015625
0.8497467041015625 -57.0235443115234375
0.8219757080078125 -57.1849517822265625
0.8063201904296875 -57.303741455078125
0.831634521484375 -57.4373626708984375
0.87506103515625 -57.5815887451171875
0.8664703369140625 -57.7342529296875
0.8369140625 -57.880279541015625
0.839508056640625 -57.9988861083984375
0.8651123046875 -58.1434173583984375
0.8538360595703125 -58.287384033203125
0.825225830078125 -58.4280242919921875
0.829345703125 -58.5786895751953125
0.8647613525390625 -58.7472991943359375
0.88458251953125 -58.8811492919921875
0.8591461181640625 -59.05682373046875
0.82952880859375 -59.1836395263671875
0.855743408203125 -59.3426361083984375
0.873748779296875 -59.4974822998046875
0.85186767578125 -59.680877685546875
0.8344879150390625 -59.8105316162109375
0.8587799072265625 -59.9571990966796875
0.8835296630859375 -60.088348388671875
0.872650146484375 -60.2575531005859375
0.83837890625 -60.3807525634765625
0.8389434814453125 -60.5132293701171875
0.86572265625 -60.6724700927734375
0.8723907470703125 -60.8113250732421875
0.8497314453125 -60.972808837890625
0.8383026123046875 -61.103973388671875
0.8658447265625 -61.25469970703125
0.89129638671875 -61.3872222900390625
0.880340576171875 -61.5463104248046875
0.8835906982421875 -61.6717987060546875
0.89434814453125 -61.82611083984375
0.91705322265625 -61.9593353271484375
0.9130096435546875 -62.1243438720703125
0.9280548095703125 -62.2286834716796875
0.98388671875 -62.355133056640625
1.0856170654296875 -62.4531707763671875
1.1490936279296875 -62.5667266845703125
1.207916259765625 -62.6769256591796875
1.3016204833984375 -62.7951507568359375
1.43841552734375 -62.903778076171875
1.530029296875 -62.9906768798828125
1.5997314453125 -63.1448822021484375
1.674896240234375 -63.2382659912109375
1.78204345703125 -63.3259429931640625
1.87799072265625 -63.422515869140625
1.9515380859375 -63.558013916015625
2.025054931640625 -63.679412841796875
2.1424560546875 -63.78265380859375
2.2537689208984375 -63.8650970458984375
2.3223114013671875 -63.9996490478515625
2.3861846923828125 -64.1188201904296875
2.480743408203125 -64.2257537841796875
2.5951385498046875 -64.334136962890625
2.7026824951171875 -64.46942138671875
2.7644500732421875 -64.6140899658203125
2.86944580078125 -64.7212982177734375
2.9792022705078125 -64.8208160400390625
3.05865478515625 -64.9746551513671875
3.12359619140625 -65.08917236328125
3.25494384765625 -65.1875762939453125
3.345123291015625 -65.2780914306640625
3.4293212890625 -65.422393798828125
3.47906494140625 -65.525970458984375
3.60784912109375 -65.656524658203125
3.7191162109375 -65.7588043212890625
3.79852294921875 -65.8890228271484375
3.8689727783203125 -66.0141754150390625
3.9722442626953125 -66.11248779296875
4.0738372802734375 -66.188140869140625
4.1674346923828125 -66.3256683349609375
4.2335052490234375 -66.4525604248046875
4.3479766845703125 -66.57501220703125
4.4694366455078125 -66.680145263671875
4.560699462890625 -66.80535888671875
4.6295166015625 -66.9551544189453125
4.7142181396484375 -67.060943603515625
4.8480987548828125 -67.1682281494140625
4.9335784912109375 -67.2681427001953125
5.022369384765625 -67.442901611328125
5.1092071533203125 -67.5736083984375
5.238525390625 -67.6897125244140625
5.33807373046875 -67.7851409912109375
5.4203948974609375 -67.9358367919921875
5.503570556640625 -68.0588836669921875
5.6050567626953125 -68.15948486328125
5.698974609375 -68.2467041015625
5.795196533203125 -68.3947601318359375
5.8790130615234375 -68.5207977294921875
5.984405517578125 -68.6391143798828125
6.1053314208984375 -68.7449951171875
6.20941162109375 -68.875701904296875
6.2891693115234375 -69.02197265625
6.377471923828125 -69.136962890625
6.5143585205078125 -69.2651519775390625
6.6100921630859375 -69.4234161376953125
6.6853790283203125 -69.557891845703125
6.7872161865234375 -69.6781768798828125
6.9191741943359375 -69.80108642578125
7.00970458984375 -69.9301605224609375
7.0840911865234375 -70.0732879638671875
7.167755126953125 -70.1746673583984375
7.3078155517578125 -70.29107666015625
7.40576171875 -70.4135284423828125
7.4935302734375 -70.56103515625
7.583984375 -70.6751251220703125
7.7265625 -70.7963104248046875
7.830322265625 -70.9171600341796875
7.92730712890625 -71.0966644287109375
8.00616455078125 -71.2333831787109375
8.1487884521484375 -71.376861572265625
8.2576751708984375 -71.48333740234375
8.3549652099609375 -71.666900634765625
8.426910400390625 -71.7821044921875
8.559967041015625 -71.9099578857421875
8.6748046875 -72.0254669189453125
8.794708251953125 -72.216339111328125
8.88189697265625 -72.356201171875
9.0330657958984375 -72.5082244873046875
9.1553802490234375 -72.6491546630859375
9.2676544189453125 -72.8385162353515625
9.3660888671875 -72.9493865966796875
9.521484375 -73.0783538818359375
9.60626220703125 -73.1850433349609375
9.70599365234375 -73.36186981201171875
9.798828125 -73.49314117431640625
9.966827392578125 -73.6413726806640625
10.0801849365234375 -73.77928924560546875
10.1697845458984375 -73.9494781494140625
10.2722930908203125 -74.0902252197265625
10.4317169189453125 -74.23744964599609375
10.55010986328125 -74.38353729248046875
10.675537109375 -74.57425689697265625
10.7866058349609375 -74.7169342041015625
10.9365081787109375 -74.8511962890625
11.06756591796875 -75.03310394287109375
11.1695404052734375 -75.1984405517578125
11.3043975830078125 -75.3436431884765625
11.42767333984375 -75.49065399169921875
11.5411224365234375 -75.69065093994140625
11.634918212890625 -75.8225250244140625
11.819854736328125 -76.00095367431640625
11.93450927734375 -76.13986968994140625
12.0685577392578125 -76.34079742431640625
12.176025390625 -76.48935699462890625
12.341705322265625 -76.65749359130859375
12.4457550048828125 -76.80968475341796875
12.5347900390625 -76.96398162841796875
12.659210205078125 -77.09636688232421875
12.8056640625 -77.2208404541015625
12.92022705078125 -77.3739013671875
13.0223236083984375 -77.54874420166015625
13.12274169921875 -77.6840362548828125
13.287750244140625 -77.82677459716796875
13.3934326171875 -77.9520263671875
13.5146331787109375 -78.16031646728515625
13.614532470703125 -78.31683349609375
13.7799835205078125 -78.49786376953125
13.914337158203125 -78.69132232666015625
14.0135498046875 -78.84720611572265625
14.17437744140625 -79.01451873779296875
14.32073974609375 -79.17476654052734375
14.455841064453125 -79.37294769287109375
14.5525665283203125 -79.51338958740234375
14.67803955078125 -79.62596893310546875
14.79913330078125 -79.7644805908203125
14.924591064453125 -79.9510650634765625
15.0066986083984375 -80.0808868408203125
15.1541290283203125 -80.22362518310546875
15.2568206787109375 -80.33284759521484375
15.336578369140625 -80.49358367919921875
15.3941497802734375 -80.60100555419921875
15.518951416015625 -80.7343902587890625
15.627105712890625 -80.835693359375
15.7375030517578125 -81.00563812255859375
15.8336029052734375 -81.16381072998046875
15.9830169677734375 -81.30779266357421875
16.0898284912109375 -81.41640472412109375
16.173248291015625 -81.56758880615234375
16.230224609375 -81.66941070556640625
16.3599853515625 -81.79015350341796875
16.460723876953125 -81.8877716064453125
16.5518646240234375 -82.0491943359375
16.611846923828125 -82.17900848388671875
16.7230072021484375 -82.2885284423828125
16.860015869140625 -82.40264129638671875
16.9664306640625 -82.56345367431640625
17.038970947265625 -82.7015533447265625
17.16668701171875 -82.83010101318359375
17.284576416015625 -82.9487457275390625
17.385528564453125 -83.11443328857421875
17.451324462890625 -83.22353363037109375
17.5967864990234375 -83.37291717529296875
17.710693359375 -83.4888916015625
17.81011962890625 -83.66655731201171875
17.9080352783203125 -83.7958526611328125
18.0638275146484375 -83.9293212890625
18.18218994140625 -84.07568359375
18.2960968017578125 -84.26430511474609375
18.40570068359375 -84.4149932861328125
18.5544281005859375 -84.54521942138671875
18.6623077392578125 -84.6871337890625
18.766845703125 -84.85601806640625
18.890625 -85.0020751953125
19.01580810546875 -85.1407012939453125
19.1303558349609375 -85.3231964111328125
19.2352294921875 -85.4805450439453125
19.371490478515625 -85.62444305419921875
19.49810791015625 -85.75194549560546875
19.6044464111328125 -85.92830657958984375
19.690338134765625 -86.05599212646484375
19.821075439453125 -86.20383453369140625
19.9263916015625 -86.3236083984375
20.04180908203125 -86.5070343017578125
20.1275482177734375 -86.63818359375
20.2758636474609375 -86.8008575439453125
20.375762939453125 -86.9536285400390625
20.464385986328125 -87.09873199462890625
20.5873565673828125 -87.2178497314453125
20.7216796875 -87.35540771484375
20.843994140625 -87.53961181640625
20.9356689453125 -87.6806640625
21.0705108642578125 -87.82169342041015625
21.19781494140625 -87.9571380615234375
21.30267333984375 -88.11492919921875
21.40240478515625 -88.2563323974609375
21.5482940673828125 -88.39339447021484375
21.66888427734375 -88.52748870849609375
21.78900146484375 -88.7282257080078125
21.8775634765625 -88.8867340087890625
22.0251312255859375 -89.02890777587890625
22.1327972412109375 -89.1442718505859375
22.23931884765625 -89.32450103759765625
22.32830810546875 -89.4456787109375
22.47235107421875 -89.5645294189453125
22.56365966796875 -89.65634918212890625
22.657958984375 -89.82468414306640625
22.7347259521484375 -89.95052337646484375
22.8765869140625 -90.0841064453125
22.9685821533203125 -90.17990875244140625
23.0889892578125 -90.36956787109375
23.18072509765625 -90.50726318359375
23.333038330078125 -90.662353515625
23.4444580078125 -90.79207611083984375
23.5574493408203125 -90.98171234130859375
23.6420745849609375 -91.10042572021484375
23.7868499755859375 -91.23846435546875
23.8910675048828125 -91.3470001220703125
23.98870849609375 -91.52346038818359375
24.069854736328125 -91.63857269287109375
24.2225341796875 -91.7901611328125
24.3106231689453125 -91.91280364990234375
24.3900909423828125 -92.08119964599609375
24.4646759033203125 -92.1905059814453125
24.622314453125 -92.3377685546875
24.7325286865234375 -92.4665679931640625
24.83740234375 -92.6302337646484375
24.9427032470703125 -92.7529754638671875
25.0855560302734375 -92.88873291015625
25.2118682861328125 -93.06308746337890625
25.3335723876953125 -93.26950836181640625
25.440338134765625 -93.39996337890625
25.5862884521484375 -93.54327392578125
25.69219970703125 -93.69158935546875
25.78985595703125 -93.8652191162109375
25.9109954833984375 -93.99686431884765625
26.05657958984375 -94.13088226318359375
26.1764678955078125 -94.3055877685546875
26.27789306640625 -94.48049163818359375
26.4095306396484375 -94.62790679931640625
26.5307464599609375 -94.7684478759765625
26.6622161865234375 -94.95865631103515625
26.75054931640625 -95.08892822265625
26.8836517333984375 -95.2219085693359375
27.0010986328125 -95.36041259765625
27.1470947265625 -95.57320404052734375
27.243560791015625 -95.70005035400390625
27.4014892578125 -95.8753662109375
27.496856689453125 -96.0343017578125
27.5962677001953125 -96.181396484375
27.709716796875 -96.31142425537109375
27.87335205078125 -96.45269775390625
27.985015869140625 -96.60821533203125
28.0985870361328125 -96.76950836181640625
28.1850433349609375 -96.87557220458984375
28.336944580078125 -97.02248382568359375
28.44232177734375 -97.1516571044921875
28.5511016845703125 -97.3329010009765625
28.6251983642578125 -97.44744873046875
28.7823486328125 -97.5876312255859375
28.880035400390625 -97.70925140380859375
28.9860687255859375 -97.90679931640625
29.063232421875 -98.0402679443359375
29.2259063720703125 -98.20603179931640625
29.3349609375 -98.30838775634765625
29.4414825439453125 -98.48136138916015625
29.514434814453125 -98.5955352783203125
29.660186767578125 -98.72208404541015625
29.7751312255859375 -98.84754180908203125
29.914215087890625 -99.03815460205078125
29.990753173828125 -99.1727142333984375
30.135009765625 -99.32436370849609375
30.236968994140625 -99.44504547119140625
30.3430938720703125 -99.6089324951171875
30.42138671875 -99.7445068359375
30.565185546875 -99.8863677978515625
30.6981048583984375 -100.0140380859375
30.8022918701171875 -100.167144775390625
30.8857879638671875 -100.3160247802734375
31.0219268798828125 -100.4541778564453125
31.1427459716796875 -100.5797119140625
31.2726593017578125 -100.75562286376953125
31.3525848388671875 -100.9030303955078125
31.4617156982421875 -101.0313720703125
31.592926025390625 -101.1557464599609375
31.6898651123046875 -101.30211639404296875
31.7802276611328125 -101.44759368896484375
31.8848724365234375 -101.55100250244140625
32.019927978515625 -101.66976165771484375
32.109649658203125 -101.76180267333984375
32.2186737060546875 -101.95040130615234375
32.2802734375 -102.05120086669921875
32.4304962158203125 -102.197662353515625
32.523681640625 -102.2933502197265625
32.6235198974609375 -102.47809600830078125
32.6871337890625 -102.60345458984375
32.8070068359375 -102.73644256591796875
32.9317626953125 -102.8494110107421875
33.040679931640625 -102.9976043701171875
33.134552001953125 -103.13964080810546875
33.2484588623046875 -103.28079986572265625
33.387451171875 -103.42035675048828125
33.4985809326171875 -103.57410430908203125
33.589599609375 -103.7217254638671875
33.7161865234375 -103.8778839111328125
33.8544769287109375 -104.0068206787109375
33.9739837646484375 -104.1651458740234375
34.069000244140625 -104.30499267578125
34.1640167236328125 -104.42296600341796875
34.318634033203125 -104.57009124755859375
34.423858642578125 -104.71276092529296875
34.525543212890625 -104.890411376953125
34.6226348876953125 -105.01763916015625
34.7588653564453125 -105.1508331298828125
34.8469085693359375 -105.2496490478515625
34.9598846435546875 -105.4340362548828125
35.051544189453125 -105.5865631103515625
35.188507080078125 -105.73247528076171875
35.308746337890625 -105.86107635498046875
35.4154510498046875 -106.0352325439453125
35.4972686767578125 -106.19448089599609375
35.6171722412109375 -106.31887054443359375
35.7497100830078125 -106.44258880615234375
35.8665313720703125 -106.60272216796875
35.9964141845703125 -106.77883148193359375
36.108306884765625 -106.9107513427734375
36.2523956298828125 -107.06206512451171875
36.3566131591796875 -107.2086181640625
36.473541259765625 -107.36351776123046875
36.586456298828125 -107.5238189697265625
36.7540130615234375 -107.688323974609375
36.8467864990234375 -107.826507568359375
36.9531097412109375 -107.98028564453125
37.0439300537109375 -108.1050262451171875
37.1944122314453125 -108.25873565673828125
37.3148651123046875 -108.4101104736328125
37.4375 -108.59711456298828125
37.5559539794921875 -108.73712158203125
37.7142791748046875 -108.90203857421875
37.8267364501953125 -109.0534820556640625
37.9278564453125 -109.2327880859375
38.031158447265625 -109.34867095947265625
38.1733856201171875 -109.47850799560546875
38.2714385986328125 -109.63177490234375
38.3851318359375 -109.8226776123046875
38.5078582763671875 -109.9714813232421875
38.6665802001953125 -110.11434173583984375
38.7754974365234375 -110.2526397705078125
38.880523681640625 -110.40826416015625
38.954345703125 -110.51085662841796875
39.086090087890625 -110.64383697509765625
39.185455322265625 -110.7750701904296875
39.2625274658203125 -110.9250030517578125
39.3197784423828125 -111.0226287841796875
39.4493865966796875 -111.15949249267578125
39.545196533203125 -111.270050048828125
39.6297607421875 -111.43372344970703125
39.698394775390625 -111.53704833984375
39.851959228515625 -111.6796417236328125
39.9627227783203125 -111.78220367431640625
40.0760955810546875 -111.95546722412109375
40.1421356201171875 -112.063507080078125
40.272247314453125 -112.20041656494140625
40.4105072021484375 -112.31475067138671875
40.5159454345703125 -112.44651031494140625
40.6175079345703125 -112.59691619873046875
40.7072601318359375 -112.7194366455078125
40.8573760986328125 -112.8162994384765625
40.9546966552734375 -112.8707733154296875
41.03125 -112.88065338134765625
41.0968017578125 -112.83205413818359375
41.1283416748046875 -112.7574920654296875
41.120513916015625 -112.696746826171875
41.1031494140625 -112.6436614990234375
41.1177978515625 -112.63842010498046875
41.1783905029296875 -112.60552978515625
41.283203125 -112.50324249267578125
41.347442626953125 -112.4126739501953125
41.481475830078125 -112.32402801513671875
41.600982666015625 -112.25249481201171875
41.7479248046875 -112.15238189697265625
41.8519744873046875 -112.02555084228515625
41.9763641357421875 -111.9396820068359375
42.1220245361328125 -111.8682403564453125
42.249755859375 -111.78995513916015625
42.4005584716796875 -111.65674591064453125
42.5734405517578125 -111.5437774658203125
42.711334228515625 -111.44654083251953125
42.8553466796875 -111.31528472900390625
42.9805755615234375 -111.1677093505859375
43.1271514892578125 -111.0618133544921875
43.2685089111328125 -110.98809051513671875
43.4142913818359375 -110.86669158935546875
43.5285186767578125 -110.7450408935546875
43.6828460693359375 -110.6394195556640625
43.8379974365234375 -110.5382232666015625
43.9879913330078125 -110.4325714111328125
44.1138458251953125 -110.2954864501953125
44.2152099609375 -110.2108612060546875
44.3590850830078125 -110.1307830810546875
44.4515228271484375 -110.06683349609375
44.5859222412109375 -109.9319610595703125
44.688751220703125 -109.84206390380859375
44.846221923828125 -109.746063232421875
44.9457550048828125 -109.6913299560546875
45.0500946044921875 -109.57628631591796875
45.1499786376953125 -109.4657440185546875
45.2754974365234375 -109.3972625732421875
45.4130096435546875 -109.3349456787109375
45.5362548828125 -109.2378082275390625
45.6556396484375 -109.10791778564453125
45.754058837890625 -109.03176116943359375
45.9187469482421875 -108.9391326904296875
46.0174560546875 -108.8752899169921875
46.1330108642578125 -108.72718048095703125
46.2156982421875 -108.629486083984375
46.361968994140625 -108.5296478271484375
46.4789886474609375 -108.4640655517578125
46.5843353271484375 -108.35428619384765625
46.6775360107421875 -108.25301361083984375
46.7979736328125 -108.17095184326171875
46.9212188720703125 -108.09680938720703125
47.0237579345703125 -108.0083465576171875
47.121002197265625 -107.8756561279296875
47.217529296875 -107.778228759765625
47.3827362060546875 -107.674468994140625
47.488433837890625 -107.61780548095703125
47.630645751953125 -107.48995208740234375
47.7335052490234375 -107.38680267333984375
47.8995208740234375 -107.2735443115234375
48.0181732177734375 -107.205413818359375
48.127960205078125 -107.072998046875
48.2350616455078125 -106.94448089599609375
48.3899383544921875 -106.8489227294921875
48.5269622802734375 -106.77057647705078125
48.6619873046875 -106.6392364501953125
48.799713134765625 -106.50038909912109375
48.964508056640625 -106.39331817626953125
49.0772552490234375 -106.3252410888671875
49.1969757080078125 -106.22127532958984375
49.3222503662109375 -106.08988189697265625
49.4624786376953125 -105.98291015625
49.6087493896484375 -105.9061126708984375
49.750396728515625 -105.785186767578125
49.8589630126953125 -105.660888671875
50.03173828125 -105.57843017578125
50.1750335693359375 -105.50400543212890625
50.2840576171875 -105.397186279296875
50.3979339599609375 -105.25751495361328125
50.548614501953125 -105.15285491943359375
50.6843719482421875 -105.0419158935546875
50.8371124267578125 -104.90747833251953125
50.9615478515625 -104.795989990234375
51.1125946044921875 -104.6745452880859375
51.2645263671875 -104.54920196533203125
51.3799896240234375 -104.423065185546875
51.5106201171875 -104.34362030029296875
51.6713714599609375 -104.2436370849609375
51.7948760986328125 -104.14691162109375
51.9140625 -104.00759124755859375
52.0289306640625 -103.9112396240234375
52.171539306640625 -103.843963623046875
52.267364501953125 -103.76902008056640625
52.3956756591796875 -103.6335906982421875
52.4914398193359375 -103.539642333984375
52.654571533203125 -103.45543670654296875
52.7655029296875 -103.39173126220703125
52.865478515625 -103.278167724609375
52.9730072021484375 -103.16013336181640625
53.1062774658203125 -103.07592010498046875
53.229034423828125 -102.9981536865234375
53.343505859375 -102.87917327880859375
53.437164306640625 -102.77664947509765625
53.5811309814453125 -102.7067108154296875
53.718170166015625 -102.6553802490234375
53.822998046875 -102.5489044189453125
53.912750244140625 -102.4203033447265625
54.0422821044921875 -102.3191680908203125
54.1767578125 -102.2575531005859375
54.2703094482421875 -102.16845703125
54.3770599365234375 -102.0633544921875
54.5317230224609375 -101.97493743896484375
54.6697998046875 -101.881134033203125
54.7553253173828125 -101.81147003173828125
54.85986328125 -101.6853179931640625
54.96612548828125 -101.587554931640625
55.13470458984375 -101.5143585205078125
55.21685791015625 -101.44388580322265625
55.36328125 -101.30393218994140625
55.465362548828125 -101.220184326171875
55.614715576171875 -101.14699554443359375
55.67889404296875 -101.0813751220703125
55.804412841796875 -100.95351409912109375
55.85968017578125 -100.8975677490234375
56.02423095703125 -100.80706787109375
56.0848388671875 -100.75122833251953125
56.217926025390625 -100.61714935302734375
56.28118896484375 -100.5078277587890625
56.422332763671875 -100.4298858642578125
56.546783447265625 -100.3621368408203125
56.63226318359375 -100.2968597412109375
56.737945556640625 -100.1970672607421875
56.801910400390625 -100.1494903564453125
56.972320556640625 -100.06064605712890625
57.075775146484375 -100.0151519775390625
57.147857666015625 -99.90572357177734375
57.2593994140625 -99.78247833251953125
57.373687744140625 -99.69704437255859375
57.53656005859375 -99.63570404052734375
57.62432861328125 -99.5742645263671875
57.7261962890625 -99.441253662109375
57.78961181640625 -99.36849212646484375
57.921356201171875 -99.29676055908203125
58.02008056640625 -99.2372894287109375
58.09918212890625 -99.1642913818359375
58.198272705078125 -99.0290069580078125
58.281494140625 -98.96042633056640625
58.43060302734375 -98.8873748779296875
58.503936767578125 -98.8425750732421875
58.617645263671875 -98.72249603271484375
58.717071533203125 -98.60092926025390625
58.84375 -98.5175933837890625
58.998779296875 -98.43996429443359375
59.094879150390625 -98.34273529052734375
59.21246337890625 -98.2009124755859375
59.31170654296875 -98.12750244140625
59.48846435546875 -98.0588531494140625
59.5692138671875 -97.99312591552734375
59.68682861328125 -97.83969879150390625
59.76861572265625 -97.7456817626953125
59.94293212890625 -97.6519622802734375
60.043701171875 -97.58551025390625
60.14959716796875 -97.4720306396484375
60.22406005859375 -97.3814849853515625
60.338623046875 -97.2963714599609375
60.49603271484375 -97.2270965576171875
60.605865478515625 -97.1200714111328125
60.7279052734375 -96.98876953125
60.843017578125 -96.87860107421875
61.0167236328125 -96.7989959716796875
61.132568359375 -96.72988128662109375
61.26019287109375 -96.59287261962890625
61.352508544921875 -96.4895172119140625
61.536865234375 -96.38360595703125
61.67230224609375 -96.3163299560546875
61.81561279296875 -96.17303466796875
61.919677734375 -96.04325103759765625
62.04400634765625 -95.9642333984375
62.19158935546875 -95.8773651123046875
62.304107666015625 -95.7892303466796875
62.42840576171875 -95.63840484619140625
62.541595458984375 -95.5517578125
62.703460693359375 -95.45371246337890625
62.79302978515625 -95.3771820068359375
62.90863037109375 -95.22837066650390625
63.01226806640625 -95.1216583251953125
63.17193603515625 -95.0275726318359375
63.287933349609375 -94.9756317138671875
63.39202880859375 -94.88596343994140625
63.519561767578125 -94.7503204345703125
63.630950927734375 -94.67913818359375
63.73846435546875 -94.63144683837890625
63.8359375 -94.5509185791015625
63.93011474609375 -94.41117095947265625
64.03546142578125 -94.3179473876953125
64.206085205078125 -94.23577880859375
64.295654296875 -94.1896820068359375
64.387847900390625 -94.06060791015625
64.4630126953125 -93.9769439697265625
64.59820556640625 -93.87691497802734375
64.7398681640625 -93.80843353271484375
64.829345703125 -93.73252105712890625
64.96502685546875 -93.5921630859375
65.072296142578125 -93.52520751953125
65.26885986328125 -93.43576812744140625
65.349365234375 -93.3727874755859375
65.49371337890625 -93.2184600830078125
65.58306884765625 -93.12783050537109375
65.7900390625 -92.9979705810546875
65.87579345703125 -92.9606475830078125
66.00799560546875 -92.8439788818359375
66.1168212890625 -92.71170806884765625
66.208526611328125 -92.6519775390625
66.38385009765625 -92.56101226806640625
66.47174072265625 -92.513916015625
66.6024169921875 -92.38665771484375
66.69720458984375 -92.28021240234375
66.822509765625 -92.1950531005859375
66.93682861328125 -92.13478851318359375
66.99542236328125 -92.08217620849609375
67.13330078125 -91.9289703369140625
67.1748046875 -91.8770599365234375
67.332489013671875 -91.7800445556640625
67.40130615234375 -91.75215911865234375
67.471282958984375 -91.7041473388671875
67.59686279296875 -91.56024169921875
67.6448974609375 -91.49202728271484375
67.80169677734375 -91.3930511474609375
67.90350341796875 -91.3510589599609375
67.98065185546875 -91.281982421875
68.095184326171875 -91.124755859375
68.1629638671875 -91.0626983642578125
68.35467529296875 -90.9503326416015625
68.404296875 -90.9146270751953125
68.5322265625 -90.79518890380859375
68.62335205078125 -90.6820831298828125
68.732818603515625 -90.58815765380859375
68.86126708984375 -90.51528167724609375
68.92498779296875 -90.46099853515625
69.057342529296875 -90.33303070068359375
69.1463623046875 -90.26248931884765625
69.32769775390625 -90.1749725341796875
69.401519775390625 -90.1349945068359375
69.5150146484375 -90.0283966064453125
69.59844970703125 -89.91599273681640625
69.67938232421875 -89.85467529296875
69.847625732421875 -89.7833099365234375
69.91876220703125 -89.7461700439453125
70.06689453125 -89.5912017822265625
70.14691162109375 -89.48171234130859375
70.30816650390625 -89.37703704833984375
70.44195556640625 -89.31876373291015625
70.591400146484375 -89.1730499267578125
70.689605712890625 -89.0490570068359375
70.842010498046875 -88.9630889892578125
70.97210693359375 -88.88993072509765625
71.11749267578125 -88.7509613037109375
71.216796875 -88.62912750244140625
71.352294921875 -88.5362548828125
71.516632080078125 -88.450927734375
71.6119384765625 -88.3565826416015625
71.705108642578125 -88.2136993408203125
71.814208984375 -88.1498870849609375
71.968109130859375 -88.0598297119140625
72.051971435546875 -88.0007781982421875
72.138031005859375 -87.8205108642578125
72.137664794921875 -87.70916748046875
72.09527587890625 -87.6324310302734375
72.017059326171875 -87.61251068115234375
71.898651123046875 -87.6626129150390625
71.81134033203125 -87.69956207275390625
71.772735595703125 -87.6674652099609375
71.69000244140625 -87.52433013916015625
71.62237548828125 -87.39498138427734375
71.50848388671875 -87.26979827880859375
71.424530029296875 -87.19571685791015625
71.36669921875 -87.09639739990234375
71.221405029296875 -86.8563385009765625
71.069671630859375 -86.7468414306640625
71.004486083984375 -86.65380859375
70.881683349609375 -86.44329833984375
70.76788330078125 -86.33518218994140625
70.656402587890625 -86.25131988525390625
70.582550048828125 -86.14571380615234375
70.5302734375 -86.03499603271484375
70.472198486328125 -85.95957183837890625
70.351043701171875 -85.8862457275390625
70.273834228515625 -85.82440185546875
70.190765380859375 -85.724609375
70.12054443359375 -85.58678436279296875
70.075439453125 -85.52294158935546875
69.94024658203125 -85.42840576171875
69.868438720703125 -85.3662872314453125
69.81011962890625 -85.23937225341796875
69.77081298828125 -85.11229705810546875
69.700714111328125 -85.03066253662109375
69.605865478515625 -84.9586944580078125
69.557586669921875 -84.87058258056640625
69.5123291015625 -84.75176239013671875
69.4957275390625 -84.67916107177734375
69.40753173828125 -84.6100006103515625
69.31097412109375 -84.54744720458984375
69.26971435546875 -84.4893798828125
69.230010986328125 -84.36315155029296875
69.212738037109375 -84.29135894775390625
69.12493896484375 -84.23162841796875
69.028106689453125 -84.18029022216796875
68.934661865234375 -84.0658721923828125
68.88922119140625 -83.94065093994140625
68.87811279296875 -83.89968109130859375
68.80755615234375 -83.83824920654296875
68.728668212890625 -83.7860870361328125
68.700408935546875 -83.75670623779296875
68.699951171875 -83.75457763671875
68.675628662109375 -83.76805877685546875
68.65032958984375 -83.78299713134765625
68.64434814453125 -83.79305267333984375
68.64532470703125 -83.7956695556640625
68.6427001953125 -83.78621673583984375
68.63494873046875 -83.7631378173828125
68.58538818359375 -83.64366912841796875
68.564788818359375 -83.5648956298828125
68.479888916015625 -83.46282958984375
68.353302001953125 -83.3549346923828125
68.27288818359375 -83.24068450927734375
68.1845703125 -83.06865692138671875
68.123870849609375 -82.9773101806640625
67.979400634765625 -82.83879852294921875
67.89312744140625 -82.74483489990234375
67.802215576171875 -82.56334686279296875
67.72894287109375 -82.45052337646484375
67.58953857421875 -82.31449127197265625
67.47833251953125 -82.21970367431640625
67.38482666015625 -82.0713653564453125
67.327239990234375 -81.93785858154296875
67.23614501953125 -81.796630859375
67.106109619140625 -81.66173553466796875
67.013885498046875 -81.5377349853515625
66.936859130859375 -81.40213775634765625
66.84844970703125 -81.3218994140625
66.71234130859375 -81.22203826904296875
66.632659912109375 -81.11966705322265625
66.54754638671875 -80.95212554931640625
66.493927001953125 -80.85338592529296875
66.340301513671875 -80.71102142333984375
66.240447998046875 -80.63130950927734375
66.13031005859375 -80.4745025634765625
66.06573486328125 -80.35527801513671875
65.984588623046875 -80.2470855712890625
65.87017822265625 -80.12593841552734375
65.80120849609375 -80.0154571533203125
65.714141845703125 -79.86003875732421875
65.662353515625 -79.78936767578125
65.5299072265625 -79.67724609375
65.461700439453125 -79.59175872802734375
65.369842529296875 -79.44982147216796875
65.329559326171875 -79.3687744140625
65.2178955078125 -79.25438690185546875
65.114044189453125 -79.1769561767578125
65.02655029296875 -79.04668426513671875
64.97283935546875 -78.93972015380859375
64.90338134765625 -78.86312103271484375
64.76617431640625 -78.74383544921875
64.693878173828125 -78.63759613037109375
64.596954345703125 -78.45147705078125
64.555419921875 -78.39312744140625
64.4083251953125 -78.279541015625
64.310302734375 -78.1900787353515625
64.212860107421875 -78.02126312255859375
64.14910888671875 -77.89011383056640625
64.05279541015625 -77.79979705810546875
63.935455322265625 -77.70821380615234375
63.851593017578125 -77.58518218994140625
63.7879638671875 -77.42693328857421875
63.72406005859375 -77.3340606689453125
63.563018798828125 -77.201904296875
63.482086181640625 -77.11716461181640625
63.39227294921875 -76.93332672119140625
63.347900390625 -76.83852386474609375
63.192291259765625 -76.714599609375
63.097412109375 -76.63629150390625
62.995330810546875 -76.47855377197265625
62.92108154296875 -76.33382415771484375
62.822662353515625 -76.23325347900390625
62.699249267578125 -76.11197662353515625
62.62664794921875 -76.01107025146484375
62.53326416015625 -75.8515625
62.45452880859375 -75.75235748291015625
62.327423095703125 -75.6221466064453125
62.24615478515625 -75.52620697021484375
62.16668701171875 -75.35739898681640625
62.1109619140625 -75.2567901611328125
61.977081298828125 -75.13394927978515625
61.881378173828125 -75.040283203125
61.764068603515625 -74.85422515869140625
61.707550048828125 -74.74999237060546875
61.6024169921875 -74.64369964599609375
61.47479248046875 -74.54559326171875
61.3887939453125 -74.40921783447265625
61.31353759765625 -74.2593536376953125
61.184814453125 -74.13228607177734375
61.05743408203125 -74.02852630615234375
60.967041015625 -73.89144134521484375
60.90618896484375 -73.74779510498046875
60.824615478515625 -73.63420867919921875
60.685272216796875 -73.52036285400390625
60.5980224609375 -73.380126953125
60.525726318359375 -73.2308502197265625
60.4427490234375 -73.1333465576171875
60.30242919921875 -73.017333984375
60.192352294921875 -72.9210662841796875
60.126068115234375 -72.7617645263671875
60.062835693359375 -72.6714324951171875
59.9324951171875 -72.5568695068359375
59.86328125 -72.472564697265625
59.73394775390625 -72.27655029296875
59.66644287109375 -72.1624603271484375
59.51837158203125 -72.019287109375
59.42987060546875 -71.9361572265625
59.32696533203125 -71.7532806396484375
59.2567138671875 -71.6074371337890625
59.1068115234375 -71.4636993408203125
58.9967041015625 -71.36187744140625
58.867279052734375 -71.1739044189453125
58.80377197265625 -71.047698974609375
58.6864013671875 -70.9337005615234375
58.552703857421875 -70.812774658203125
58.466156005859375 -70.6968994140625
58.38299560546875 -70.515777587890625
58.30755615234375 -70.4256591796875
58.15576171875 -70.2800445556640625
58.088226318359375 -70.2087554931640625
57.982879638671875 -70.029052734375
57.913604736328125 -69.9356536865234375
57.75506591796875 -69.77716064453125
57.64849853515625 -69.6639862060546875
57.52557373046875 -69.4754486083984375
57.45269775390625 -69.3398590087890625
57.310821533203125 -69.1892547607421875
57.173797607421875 -69.04840087890625
57.0274658203125 -68.8557586669921875
56.954193115234375 -68.7456817626953125
56.80499267578125 -68.5882415771484375
56.686248779296875 -68.4572601318359375
56.543182373046875 -68.2421112060546875
56.478973388671875 -68.126922607421875
56.299774169921875 -67.9519805908203125
56.208953857421875 -67.8352203369140625
56.11309814453125 -67.6419830322265625
56.06011962890625 -67.5565643310546875
55.914459228515625 -67.4242095947265625
55.81842041015625 -67.327911376953125
55.706512451171875 -67.1367950439453125
55.643829345703125 -67.0348358154296875
55.51287841796875 -66.899169921875
55.4141845703125 -66.79864501953125
55.31695556640625 -66.6279754638671875
55.256805419921875 -66.5013580322265625
55.13616943359375 -66.3845062255859375
55.017730712890625 -66.2964324951171875
54.93487548828125 -66.1633758544921875
54.86651611328125 -66.0301361083984375
54.7978363037109375 -65.9426116943359375
54.638458251953125 -65.7946319580078125
54.5530853271484375 -65.683380126953125
54.49267578125 -65.550140380859375
54.4401397705078125 -65.48211669921875
54.2788848876953125 -65.3416595458984375
54.218658447265625 -65.2903289794921875
54.1053924560546875 -65.0930023193359375
54.0693359375 -65.01153564453125
53.9517669677734375 -64.919097900390625
53.8386993408203125 -64.8383636474609375
53.7611541748046875 -64.7279510498046875
53.6855010986328125 -64.5478057861328125
53.628173828125 -64.470733642578125
53.4763641357421875 -64.31695556640625
53.3984375 -64.230438232421875
53.2823333740234375 -64.04022216796875
53.2374725341796875 -63.957244873046875
53.1312255859375 -63.8370208740234375
53.025909423828125 -63.7523651123046875
52.928253173828125 -63.6174774169921875
52.8580322265625 -63.480224609375
52.7665557861328125 -63.373260498046875
52.6412200927734375 -63.2353057861328125
52.5460205078125 -63.11334228515625
52.4651336669921875 -62.960662841796875
52.4019012451171875 -62.888916015625
52.2563018798828125 -62.752899169921875
52.1426849365234375 -62.6343994140625
52.042510986328125 -62.4502410888671875
51.9724578857421875 -62.344085693359375
51.8325653076171875 -62.2156219482421875
51.7396697998046875 -62.1101837158203125
51.635009765625 -61.930694580078125
51.5822601318359375 -61.8536834716796875
51.420196533203125 -61.713409423828125
51.3219451904296875 -61.6214599609375
51.2261810302734375 -61.45025634765625
51.1622161865234375 -61.3216400146484375
51.0211944580078125 -61.1735992431640625
50.9048919677734375 -61.0654754638671875
50.800567626953125 -60.9292449951171875
50.7201690673828125 -60.782012939453125
50.6262664794921875 -60.6904144287109375
50.5052490234375 -60.5732574462890625
50.4064788818359375 -60.424652099609375
50.3188323974609375 -60.2698974609375
50.2047576904296875 -60.1495208740234375
50.062774658203125 -60.007049560546875
49.9567413330078125 -59.8327789306640625
49.8671875 -59.6855926513671875
49.7476348876953125 -59.563995361328125
49.6342010498046875 -59.4586181640625
49.5325927734375 -59.3005218505859375
49.4573822021484375 -59.138946533203125
49.342529296875 -59.028472900390625
49.2183685302734375 -58.9193878173828125
49.1364593505859375 -58.806549072265625
49.060577392578125 -58.6338653564453125
48.9971160888671875 -58.54534912109375
48.8423614501953125 -58.4073333740234375
48.75537109375 -58.3086700439453125
48.645294189453125 -58.0972137451171875
48.5760040283203125 -58.0065155029296875
48.42578125 -57.871185302734375
48.3164520263671875 -57.7872314453125
48.222900390625 -57.6296234130859375
48.132080078125 -57.472198486328125
48.028472900390625 -57.3726654052734375
47.8857269287109375 -57.2328948974609375
47.771148681640625 -57.0605926513671875
47.7103729248046875 -56.9216766357421875
47.5802764892578125 -56.798553466796875
47.4580841064453125 -56.684906005859375
47.3583526611328125 -56.530029296875
47.2852020263671875 -56.3867645263671875
47.170562744140625 -56.271636962890625
47.0372314453125 -56.153106689453125
46.9445343017578125 -56.037139892578125
46.873779296875 -55.8732147216796875
46.8003692626953125 -55.7779998779296875
46.639556884765625 -55.6413726806640625
46.5401458740234375 -55.5357513427734375
46.4365997314453125 -55.3553009033203125
46.388671875 -55.2608642578125
46.2310333251953125 -55.1144256591796875
46.1464691162109375 -55.0113983154296875
46.0520782470703125 -54.833251953125
45.9749298095703125 -54.7132568359375
45.83837890625 -54.5770721435546875
45.7675018310546875 -54.484527587890625
45.6544036865234375 -54.3108367919921875
45.5946502685546875 -54.2194061279296875
45.4344940185546875 -54.0718231201171875
45.3297882080078125 -53.9595947265625
45.2140960693359375 -53.76898193359375
45.1560516357421875 -53.6931610107421875
45.035064697265625 -53.56787109375
44.9480743408203125 -53.5043182373046875
44.8581390380859375 -53.3847808837890625
44.8083953857421875 -53.2831878662109375
44.746246337890625 -53.1816864013671875
44.6204376220703125 -53.071258544921875
