自己的算法算出来的：[[ 0.7743882   0.92122025]
 [ 0.64566807  0.82330067]
 [ 0.65903184  0.88612736]
 [ 0.60396813  0.85424152]
 [ 0.51257908  0.79917611]
 
 自己算法（用了svm rbf核）：[[ 0.72125377  0.90194435]
 [ 0.58158345  0.78379219]
 [ 0.63710201  0.86322287]
 [ 0.59287611  0.84580534]
 [ 0.5096366   0.74753568]
 
 自己的算法：完成度： 0.8
[[ 0.72125377  0.90194435]
 [ 0.58158345  0.78379219]
 [ 0.63710201  0.86322287]
 [ 0.59287611  0.84580534]
 [ 0.5096366   0.74753568]
 
 [[ 0.7276232   0.91015756]
 [ 0.57458392  0.78534764]
 [ 0.65708252  0.89035088]
 [ 0.55944384  0.82580847]
 [ 0.51625717  0.76548477]
 
 knn：[[ 0.7703654   0.92339926]
 [ 0.65282315  0.82936693]
 [ 0.67820013  0.90302144]
 [ 0.59553195  0.86220903]
 [ 0.53229366  0.81271149]
 
 svm(全默认参数)
 biggest acc: 0.747535677505
完成度： 0.8
[[ 0.72142139  0.90278243]
 [ 0.5927827   0.79281381]
 [ 0.63434048  0.86387264]
 [ 0.59256366  0.84846118]
 [ 0.51125497  0.74753568]
 
 KNN( 选择只有一个最近点)
 [[ 0.76533691  0.9177003 ]
 [ 0.63913517  0.82361176]
 [ 0.66650422  0.89327485]
 [ 0.57537885  0.84721137]
 [ 0.49198176  0.78652347]
 eknn
 [[ 0.81964465  0.9389876 ]
 [ 0.70321979  0.83885519]
 [ 0.74122807  0.92478882]
 [ 0.67942509  0.91345102]
 [ 0.60894512  0.85022804]
 own 简单的 KNN
 完成度： 0.8
[[ 0.81059336  0.9349648 ]
 [ 0.69310935  0.83885519]
 [ 0.72303444  0.92511371]
 [ 0.65833464  0.91126387]
 [ 0.59232014  0.84184199]


 