1.126223714854647680e-02
1.126223714854647680e-02
1.126223714854647680e-02
1.126223714854647680e-02
1.126223714854647680e-02
1.126223714854647680e-02
1.126223714854647680e-02
1.126223714854647680e-02
1.126223714854647680e-02
1.126223714854647680e-02
1.126223714854647680e-02
1.126223714854647680e-02
1.126223714854647680e-02
1.126223714854647680e-02
1.126223714854647680e-02
1.126223714854647680e-02
1.126223714854647680e-02
1.126223714854647680e-02
1.126223714854647680e-02
1.126223714854647680e-02
1.313647323035761066e-02
1.574243766797383051e-02
1.200851827918080969e-02
1.480450471702362235e-02
1.698790670966832811e-02
1.641647020530203130e-02
1.722818850254052500e-02
9.053987339998717868e-03
1.285545709093129096e-02
1.585219651339847546e-02
1.672384577912311779e-02
1.914695823708286934e-02
2.057009445728833277e-02
2.226762010456947993e-02
1.692730547789638579e-02
2.169146607411950173e-02
3.020608993967548866e-02
2.913086619944514274e-02
4.165759889144226430e-02
8.132318761675776109e-02
2.085899875552713056e-01
1.251944780520434009e+00
1.078637075543311896e+00
9.077315178537836982e-01
2.315738702997280907e+00
2.268506971664234761e+00
2.254391648037716855e+00
2.227295686947175390e+00
2.150628614967971863e+00
4.721594097395361289e-01
3.396522574787017024e-01
1.712485005659458492e+00
1.595818966443425246e+00
3.046826866835812275e+00
4.489424664461519221e+00
4.348485049110500711e+00
4.219645560302264009e+00
2.562617202099617408e+00
2.423206206198563528e+00
7.618490907325959904e-01
8.937649664142519601e-01
5.447981460661780462e-01
3.528460144371507567e+00
3.423486257657055276e+00
3.282700609350217125e+00
1.584376054506049680e+00
2.961698900278078028e+00
2.809530337303978609e+00
1.152187463569239068e+00
2.135919100294309647e+00
2.269118057985461956e+00
2.461887401931676767e+00
2.586434344069198588e+00
2.734689155369109947e+00
2.886029877457650716e+00
1.545379528146111792e+00
1.577743250758917859e-01
2.576322459447460411e-01
1.168857978833563349e+00
1.035095569998895293e+00
8.495838304884701930e-01
6.974132459120322425e-01
5.607755257954001316e-01
4.440182030867791396e-01
3.014536681484976111e-01
1.396523771653714441e+00
3.111403841807189874e+00
3.255601745694869376e+00
3.368607641059133684e+00
6.635538781696712185e+00
6.726578742080294937e+00
5.283770553903273104e+00
7.977161368859360113e-01
9.279673213959116485e-01
1.072968851780020438e+00
1.173519391565883030e+00
1.335614604688125207e+00
1.476851056754135527e+00
1.592508947576121603e+00
2.494821970621693419e-01
3.199862389485749747e-01
4.654913539312853787e-01
1.061552455284038743e+00
9.134602295194262922e-01
7.827613385250546951e-01
2.245157547586142943e+00
2.109547131695642008e+00
4.903936567523412560e-01
3.646716759546457798e-01
2.548720003240577681e-01
2.281939033969320185e-01
2.933011635042235832e-01
3.738862530117664229e-01
1.228634948833412066e+00
1.102642074308988196e+00
1.013844165426387445e+00
8.881339371855792031e-01
7.898849709584672141e-01
6.699961658478749138e-01
5.351104295986300885e-01
1.921200860870065030e+00
1.826271720009772892e+00
1.702696282875982181e+00
1.606131984582051420e+00
1.474613492634065492e+00
2.937294178233931241e+00
2.832863904187102655e+00
2.688541769245332169e+00
1.033133186240205781e+00
9.220921684599784340e-01
7.984077389725308116e-01
7.147123159602760678e-01
2.132305230979045341e+00
2.018862074127161232e+00
1.919393268896370630e+00
1.772094381115997930e+00
2.530065267621148251e-01
2.466030438766628752e-01
3.395556730061805584e-01
4.302551465362329797e-01
5.264787935169602529e-01
6.188046484527830460e-01
7.351524307386442247e-01
9.201601169674050729e-01
1.032902257423188530e+00
1.162297093597824071e+00
1.257267390137009500e+00
1.333048924755970033e+00
1.481881088665156554e+00
3.325510795567273026e-01
3.430596485431642306e-01
3.891280719382425590e-01
4.395573601679101938e-01
5.257207680409673456e-01
6.663799179820432128e-01
7.723770037450679027e-01
8.836983252245299569e-01
1.029915154094168006e+00
1.104120099194778826e+00
1.242918860903533096e+00
1.394953754365306775e+00
1.494885733365390879e+00
1.651434905985895929e+00
4.316365039508355261e-01
4.626582838113152962e-01
5.539376027662811230e-01
6.926995017644046460e-01
7.855381062341513232e-01
9.451140323863624904e-01
1.069258946862944981e+00
6.523939026246508011e-01
2.037036448728389626e+00
1.912420015753979685e+00
1.793859175659931138e+00
3.977961144305998675e-01
4.167707840238080719e-01
1.407327143731505581e+00
1.269019476176695527e+00
1.144777341662202907e+00
9.997651306961685691e-01
8.697216175154109941e-01
8.131243621544516076e-01
7.211171785436887305e-01
6.336499842743783528e-01
5.744456574204946930e-01
5.036779233285016977e-01
4.522792300086007633e-01
4.458373400188379021e-01
4.812627819577030008e-01
5.809339195777709630e-01
6.928596652180381010e-01
1.035679219105328341e+00
9.197233802194587637e-01
8.340687513717631729e-01
7.194902988193399018e-01
1.259735492593593742e+00
5.740290057241881350e-01
1.443040032254060412e+00
1.533034276342704949e+00
1.664859115941628387e+00
4.730919592784408878e-01
5.085550938449024949e-01
5.524940221825973552e-01
6.132871192285364037e-01
1.064170408192175454e+00
9.630321991074304311e-01
8.975205627668088049e-01
7.745562660362391716e-01
6.763410358082319052e-01
6.424066527899410239e-01
1.990682189306879790e+00
1.887982005033436828e+00
1.812571900329496888e+00
1.671898516261455914e+00
1.549233166238903170e+00
1.487122854543804884e+00
1.433196868332131224e+00
1.347848869068055455e+00
1.269854453470916633e+00
1.142310448230424269e+00
1.031744476242970165e+00
9.540400232549293147e-01
8.562855529558727197e-01
8.080945439239548556e-01
7.183143919862651217e-01
6.254397397554878335e-01
5.978198301830396355e-01
5.582927791079184132e-01
5.729866569349343353e-01
1.718618920662581040e+00
1.828675813702184572e+00
6.229664462824681115e-01
1.314646984062493473e+00
4.289485324838453906e+00
4.178997679261674314e+00
4.084522479995430722e+00
3.961632596552565388e+00
3.861782934221627439e+00
3.796610253898104581e+00
3.679384944669543689e+00
1.986843130284222436e+00
1.912072081804907953e+00
5.603494140415379299e-01
5.055154424530268198e-01
4.892575699230932718e-01
4.896017659784426268e-01
5.573991973833291036e-01
6.136887408056856952e-01
6.676247228259696298e-01
1.107904220491233938e+00
1.049003617168846381e+00
9.711142556474585685e-01
9.006837646298955224e-01
1.041664040809013647e+00
1.130661225270176207e+00
1.250364619248522269e+00
6.187841349829384940e-01
5.868165840033650049e-01
1.787260005440603594e+00
6.025980418736871513e-01
5.958266089084188755e-01
1.811787597606138167e+00
6.026692553492914994e-01
1.351547741689129278e+00
1.234043345739503250e+00
1.179494416243453525e+00
1.055947531845093712e+00
9.249670012217109383e-01
8.818755768914867677e-01
8.111543648530479267e-01
7.493395138779306297e-01
6.813614986603745427e-01
5.854733213974683270e-01
5.637739923554457855e-01
5.622819009987107819e-01
6.176586921056194113e-01
6.501959183303790413e-01
7.032190415224656155e-01
7.462011056471536952e-01
7.975605123924943696e-01
9.355934726003375390e-01
1.018758494532382430e+00
1.123355054697278144e+00
1.215000196207740357e+00
1.294940213555489050e+00
1.428027525221904792e+00
1.551298944382254241e+00
1.657013405036266818e+00
1.775024776111319591e+00
6.623233113412351214e-01
7.037849798926358869e-01
1.350784079333812171e+00
1.253090061195759386e+00
1.142804948542641030e+00
1.011272502541231466e+00
2.496804955077319477e+00
2.348802889813619732e+00
8.001976327535625932e-01
7.557997539206700033e-01
6.674953266554298770e-01
6.329079846366391093e-01
6.306105784132941539e-01
6.968852430009754295e-01
7.600764971930957792e-01
8.148756839531665630e-01
1.320860013410003697e+00
1.228347709738915272e+00
1.029358754451786151e+00
1.163252447358985142e+00
9.828352765087500220e-01
8.976169481810032380e-01
8.129838862884960493e-01
7.574358310689113249e-01
7.276846158543369691e-01
7.539543933684303978e-01
7.755390951662720633e-01
1.568754842551843831e+00
1.482108903843541103e+00
1.383384901031804226e+00
1.244000692782924800e+00
1.145735901219424813e+00
1.035533452960688994e+00
1.254921417534068384e+00
1.360343479407182032e+00
8.151063993423243170e-01
7.906326991793468650e-01
7.723416343151384700e-01
8.149844375138645125e-01
9.228903668853650766e-01
1.001109537065914656e+00
1.076891381964773187e+00
1.164648288089797923e+00
9.785647971381217225e-01
9.177573361063072754e-01
8.632160107183830533e-01
7.890453229186126238e-01
7.652344722992623360e-01
1.676686552935357399e+00
1.570848147961430463e+00
1.424866935854621763e+00
1.275998848664372964e+00
1.157525570903179535e+00
1.085732691917330905e+00
1.000770113575271569e+00
8.903193686081163349e-01
8.447335868919417790e-01
8.569442866208122345e-01
8.959312949375012325e-01
9.234463194324648017e-01
9.575925280896946390e-01
1.056578501874053666e+00
1.286770381067217084e+00
1.186267205720055840e+00
1.049144399445545606e+00
9.770415769285465402e-01
9.125084885679741742e-01
9.036989970730088251e-01
1.880405916578215209e+00
8.542839133056938650e-01
1.592985911425799372e+00
1.467429074043432591e+00
1.380690272683660957e+00
1.237135125983189754e+00
1.155885253761242959e+00
1.075891173216959373e+00
1.431667377778960581e+00
1.540326530417527318e+00
9.211955618839238191e-01
8.950370491617222202e-01
9.280012284042333803e-01
1.635481838892137940e+00
1.488398011920408548e+00
1.359137365597470559e+00
1.257766065979655012e+00
1.174111495601824817e+00
1.100957358218462856e+00
1.003697918647797893e+00
9.576897306748161087e-01
9.454734647931767322e-01
9.843482486575377832e-01
2.008609835095773732e+00
1.024297169096429316e+00
1.105695043084727436e+00
1.202554273249659023e+00
1.307654971659604426e+00
1.392952906466108587e+00
1.516118048821125885e+00
1.101634666651774674e+00
1.069140189370272553e+00
1.026221241626995795e+00
1.029219218352756204e+00
1.625841491462554966e+00
1.552876461258902108e+00
1.419846616845293230e+00
2.567526019421369821e+00
2.452336900545855514e+00
2.331201440778217115e+00
2.205890334397199393e+00
2.047174282530288547e+00
1.935753663065215679e+00
1.830233685271753563e+00
1.132125876053007518e+00
1.597604466511867827e+00
1.456799683383623423e+00
1.369308214017081138e+00
1.317636468775164049e+00
1.269367615958334028e+00
1.155178649463442175e+00
1.102053090536288193e+00
1.070092588120877153e+00
1.084147145591199957e+00
1.100440419598483155e+00
1.105294031218450712e+00
1.124568276369957154e+00
1.187663510434752379e+00
1.273219936592032697e+00
1.407935506346022159e+00
1.279347984559223272e+00
1.198596457038230589e+00
1.166399235206444507e+00
1.183057894872733717e+00
1.173318665909356628e+00
1.147800297045011853e+00
1.133388131674531785e+00
1.177057492824868490e+00
1.619417582446709858e+00
1.533537804863597920e+00
1.405106824948013200e+00
1.306500322438670869e+00
1.253319680037859429e+00
1.225080594080272478e+00
1.199756485906976033e+00
1.147855009149628902e+00
1.094145100092997369e+00
1.106045285049356286e+00
1.171744476362093224e+00
1.243450566948226088e+00
1.277258717722530523e+00
1.303794568239623697e+00
1.341650037991850786e+00
1.420479639383469106e+00
1.537535705935965114e+00
1.610854659692448010e+00
1.697865766782141295e+00
1.749342202355345988e+00
1.848995817790765939e+00
1.980781568351053457e+00
1.233900122100684893e+00
1.229866808853879778e+00
1.224365286874797398e+00
1.293759214457998352e+00
1.377782156891161458e+00
1.452347048053843181e+00
1.515902189100947650e+00
1.549494969768796748e+00
1.650054868650856044e+00
1.793032232131609449e+00
1.908186075655511349e+00
1.987320659897646280e+00
2.092198552709098269e+00
2.257689327792201883e+00
2.376385116281542143e+00
2.513595194849474801e+00
1.386240982135885647e+00
1.464861575083354683e+00
1.572560196086868034e+00
1.668826228534125988e+00
1.743489950605991767e+00
1.822300586274896439e+00
1.963107983701281922e+00
2.075023202581497195e+00
2.195066965267971515e+00
3.725418180031612181e+00
3.846920704260172297e+00
4.060034575430636394e+00
4.190134681345135448e+00
4.297140777493765107e+00
4.361341308375669357e+00
4.493610401835966606e+00
4.645031676600309467e+00
4.781921534806676810e+00
4.934946572413229759e+00
3.483846310503434296e+00
3.643376015342746577e+00
3.786583406928523132e+00
1.493264888127535661e+00
1.534272502851460551e+00
1.573919357868389879e+00
1.691584865605726185e+00
1.430053123061695963e+00
1.407629500712510806e+00
1.342041129643832598e+00
1.323929264980276965e+00
1.364927535666096814e+00
1.423164036239914720e+00
1.458568151173835536e+00
1.506729381451044736e+00
1.605714677368933918e+00
1.524141332677871663e+00
1.447651168116512066e+00
1.375954254012375033e+00
1.350662626535856781e+00
1.381368562502347297e+00
1.407945689722914340e+00
1.796373727668936215e+00
1.700232241902831287e+00
2.439022671898070982e+00
2.321925716223802727e+00
2.182729895349453386e+00
2.035575149150262053e+00
1.918746608429897194e+00
1.779372056364646237e+00
1.686598992265287089e+00
1.525537957318171323e+00
1.420983291683438843e+00
1.303097781357773766e+00
1.226364239324829297e+00
1.182544528892975677e+00
1.147310390675458480e+00
1.172402319252524139e+00
1.231560697345030375e+00
1.293250090505952965e+00
1.483421967121318463e+00
1.366115515614024556e+00
1.310247879281668304e+00
1.267245065327213149e+00
1.237670032382246710e+00
1.168955364865767121e+00
1.122911562056301493e+00
1.121591692750089742e+00
1.166292213606034522e+00
1.211572972877150711e+00
1.239583438023171169e+00
1.521344754093632679e+00
1.456593272980208464e+00
1.401459030728413824e+00
1.328179915591793492e+00
1.206922251371857602e+00
2.286948704033458846e+00
2.161127264320386931e+00
2.087407900754472134e+00
1.944366124129621287e+00
1.806106525386320438e+00
1.722052954900497479e+00
1.291874231519105853e+00
1.552133174736602506e+00
1.426829024220454212e+00
1.368172191825752781e+00
1.317004902554634205e+00
1.318678988251819284e+00
1.279062672373060483e+00
1.227037002162302270e+00
1.213752486595625513e+00
1.255375448968379271e+00
1.299408368974003247e+00
1.335277778418143102e+00
1.531801826126002020e+00
1.463463915418927286e+00
1.392494696693847622e+00
1.357346814827468995e+00
1.273555858772221105e+00
1.226589116054601858e+00
1.217776279858701960e+00
1.245666538743120499e+00
1.246614924451675099e+00
1.242127293377512709e+00
1.256209334256557231e+00
1.333710979184677736e+00
1.383372258215729511e+00
1.445995468317300192e+00
1.397237535046630397e+00
1.367120441082633642e+00
1.357424722202984269e+00
1.318456051788026384e+00
1.265288825795136241e+00
1.260047251490122200e+00
1.329530580085339864e+00
1.376869890502201654e+00
1.417600448072774189e+00
1.433834253483846632e+00
1.508755764428282076e+00
1.637134845014970086e+00
1.732227516143879376e+00
1.329406360194236525e+00
1.305834336669591256e+00
1.337435238901256040e+00
1.361313234002906825e+00
1.363614742373998157e+00
1.361833047452899015e+00
1.388492007551685337e+00
1.483859807407672093e+00
1.571071611151139580e+00
1.649524087816740536e+00
1.717525534240244678e+00
1.808753193119774005e+00
1.384380915522287481e+00
1.379895345096187942e+00
1.375548709661940094e+00
2.321213808375865550e+00
2.464418800960906264e+00
2.599901218399215175e+00
2.732894020299344362e+00
2.870333558603358703e+00
2.977902616720979445e+00
3.166306926232992147e+00
3.302132459314004898e+00
3.480581890584795168e+00
3.600944871118103130e+00
3.754762800632430064e+00
3.905280658488818890e+00
4.067491923650544905e+00
4.192897492227729117e+00
4.339275895256494486e+00
4.502245158659641255e+00
4.651067343476610105e+00
4.831454049504183779e+00
4.973196500394329256e+00
5.185456809552170476e+00
5.337850008975634886e+00
5.526548392549875288e+00
5.649750900943583787e+00
5.856157379880501779e+00
6.030443552716556077e+00
6.227923417865018685e+00
6.370674165309772263e+00
6.569933056814259764e+00
6.730718495118728661e+00
6.912011417689953419e+00
7.034422691950093842e+00
7.194174251676367149e+00
7.349834241905879750e+00
7.531753537266995480e+00
7.677214794940355524e+00
7.857339678044985121e+00
8.037086157035078671e+00
8.206197630679831434e+00
8.360578899689876664e+00
8.477826031171192156e+00
8.629165116130643298e+00
8.743392113000306054e+00
8.912652474126607771e+00
9.014313479043501331e+00
9.178440607055112110e+00
9.315023296794954888e+00
9.449485854145187602e+00
9.593656294410596530e+00
9.716352534762497939e+00
9.903998994162492409e+00
1.001856253536221963e+01
1.015303042478811513e+01
1.027185490219696895e+01
1.043766713763687903e+01
3.197454402385040240e+01
3.210894225338439156e+01
3.225415250668156375e+01
3.234328803048274636e+01
3.246761765061788196e+01
3.255672251349769653e+01
3.271129988299966129e+01
3.283814070437129118e+01
3.293230023385311966e+01
3.305122353330635576e+01
3.316346308195736015e+01
3.333579564258307926e+01
3.344347841780201946e+01
3.358932913774357587e+01
3.371426579451409822e+01
3.387101242648380861e+01
3.402212084292192884e+01
3.412849703368635090e+01
3.428367744958369201e+01
3.439066488614449923e+01
3.457874416075552659e+01
3.470602851165550362e+01
3.485445403254926333e+01
3.501900697494913572e+01
3.516048425990443604e+01
3.536062212368502600e+01
3.546761975594971972e+01
3.564233558511637767e+01
3.579664857960504065e+01
3.593404983197293490e+01
3.606312722228553014e+01
3.618824659352518580e+01
3.634134595534421663e+01
3.644042281431767805e+01
3.661072181825724670e+01
3.675044019299009079e+01
5.145840856346853798e+01
5.159545092990882154e+01
5.171651056558096116e+01
5.190869489310730955e+01
5.201378704884679394e+01
5.069586813338275988e+01
5.082476693002877965e+01
5.101554408746820002e+01
5.114037929912542069e+01
5.126353600681232336e+01
5.140596118760813482e+01
5.152709013028272977e+01
5.168954103490946750e+01
5.026654393318742109e+01
5.042688975411621044e+01
5.052394357447403195e+01
5.067545181090818573e+01
5.084717223683626486e+01
5.093277032880754973e+01
5.110429683915948829e+01
5.124199033874480591e+01
5.141862310116319890e+01
5.151216840052116197e+01
5.164180831773199998e+01
5.176395481819562860e+01
5.191233742437888310e+01
5.208626831153019765e+01
5.220409625773481110e+01
5.237609978357419749e+01
5.251113123612825717e+01
5.271336436908168110e+01
5.284741615708914253e+01
5.299285513301888528e+01
5.315119422304996988e+01
5.025715902218497888e+01
5.042842844012327674e+01
5.208127147404277224e+01
5.223217156782593662e+01
5.235334815807408404e+01
5.252516207457057362e+01
5.266451875999199217e+01
5.281456698371896863e+01
5.296657357823733037e+01
5.309943242752847681e+01
5.328308288152500438e+01
5.341040264570381879e+01
5.357761816056468973e+01
5.370936966161316661e+01
5.387528854554992819e+01
5.403328836446107886e+01
5.414556979692947181e+01
5.428474187531843853e+01
5.439744170189909767e+01
5.455731784091863545e+01
5.470953891952684245e+01
5.484632697934930690e+01
5.647172521342107387e+01
5.512258402743796637e+01
5.532326571843670848e+01
5.691145956924135163e+01
5.560077929206281766e+01
5.575063898974914167e+01
5.592712209037630089e+01
5.608330440581860188e+01
5.621649776619531025e+01
5.638964942893034049e+01
5.650253453767289358e+01
5.669268139819358510e+01
5.682837059030212146e+01
5.696111257116524484e+01
5.560847753472272359e+01
5.571940076179321011e+01
5.590973363940571517e+01
5.605016305854137215e+01
5.617489489873567265e+01
5.633380681647513200e+01
5.644828908880833040e+01
5.663275514105928465e+01
5.675168345238117951e+01
5.689539741820644991e+01
5.698827261031149050e+01
5.715637298299183300e+01
5.730953769233342143e+01
5.740178477785566002e+01
5.756024800456806645e+01
5.765228098258702261e+01
5.780634675672460077e+01
5.797063829595468576e+01
5.805644249158944348e+01
5.821788874519840107e+01
5.836049081318891751e+01
6.004154196117656284e+01
6.020491814369086114e+01
6.176038643882504431e+01
6.043231681666764388e+01
6.056971019361849073e+01
6.075991096463062746e+01
6.087062529020388268e+01
5.947807749801070543e+01
5.963615690345555720e+01
5.975417203877979233e+01
5.993186326085409377e+01
6.003965234646027227e+01
6.021756751504343441e+01
6.035017696607476267e+01
6.050190250405986347e+01
6.065371579380604317e+01
6.077398507069177214e+01
6.094129910443795239e+01
6.105017914818915870e+01
6.124952660765769963e+01
6.131524268050743842e+01
6.145877416779542557e+01
6.159242184391430186e+01
6.172456205804487439e+01
6.188767168959825682e+01
6.198789786196469009e+01
6.215506086945310216e+01
6.227814227659845159e+01
6.245647999660580751e+01
6.257137832478458961e+01
6.270176254494559487e+01
6.283380544371441090e+01
6.297686138939333489e+01
6.314064141078847570e+01
6.324057986672155351e+01
6.339759921509088514e+01
6.348474753196554587e+01
6.360823776089831938e+01
6.372164789176747490e+01
6.382719317175481422e+01
6.399900131712058737e+01
6.408388124855302692e+01
6.425527514535983187e+01
6.435514150048616955e+01
6.445721219424289927e+01
6.459693753157991125e+01
6.470260243299915714e+01
6.488963442451709795e+01
6.498791017493577726e+01
6.510296162472401704e+01
6.523661136907881541e+01
6.537145810592173234e+01
6.552829987461272765e+01
6.561491618383490732e+01
6.576446726957557587e+01
6.589036717489841521e+01
6.606174692405787141e+01
6.620035092788562281e+01
6.631167703373617428e+01
6.647494108192755391e+01
6.659871273039291850e+01
6.676887534118895928e+01
6.688995143488556039e+01
6.704130913725816754e+01
6.717251662232136766e+01
8.481199119824191257e+01
8.496658553318120255e+01
8.506022037609761810e+01
8.519322396548280096e+01
8.533530289462267149e+01
8.544378902398977971e+01
8.562523646515498399e+01
8.572778934610433055e+01
8.585985238435293354e+01
8.600236241609846388e+01
8.608753596095402827e+01
8.624009200276782394e+01
8.634763004812394627e+01
8.646630277663923891e+01
8.657190826946002460e+01
8.669752472319188996e+01
8.687601640834007810e+01
8.696803450226319399e+01
8.709446007772912424e+01
8.717829729973458086e+01
8.733483721822655355e+01
8.750365579179587883e+01
8.758673622698709949e+01
8.775114655365187843e+01
8.786038044420963899e+01
8.800849864007008705e+01
8.817249914175108927e+01
8.828308209377399862e+01
8.845450097905853681e+01
8.855494373515129780e+01
8.870677046051984860e+01
8.885112474553405093e+01
8.895882219732511942e+01
8.912301761456741644e+01
8.921265947072679126e+01
8.936977684515919407e+01
8.952557046231257232e+01
8.965634387025674812e+01
8.982798404240423906e+01
8.994097037268187478e+01
9.011098808529625614e+01
9.024434834827933116e+01
9.038884995115229515e+01
9.052441527058169868e+01
9.066280203343619348e+01
9.084719767370378918e+01
9.096425738780733639e+01
9.109912752400303759e+01
8.980626857455025913e+01
8.996632109741943850e+01
9.011725229436501650e+01
9.021874942056503244e+01
9.033852848136611158e+01
9.047682441737887871e+01
9.062486998734132726e+01
9.079428810518429316e+01
9.088399493730356937e+01
9.101242261123665855e+01
9.112776279531443890e+01
9.129915957946990090e+01
9.147406563138828517e+01
9.160096126086993706e+01
9.175613530862142397e+01
9.188266040677606838e+01
9.204456623656624004e+01
9.218526685802935106e+01
9.230125093012482296e+01
9.246122501067279131e+01
9.259412401520204128e+01
9.278751339322192848e+01
9.291703870184582570e+01
9.305976464577821616e+01
9.320562617500004876e+01
9.335233554120829069e+01
9.352735538765089984e+01
9.364710046949394950e+01
9.381754109389027008e+01
9.395141774708427818e+01
9.409536090027454236e+01
9.427619782827909489e+01
9.442124842270844454e+01
9.456140374038933771e+01
9.468990246381993359e+01
9.485353514779470174e+01
9.502615366831946631e+01
9.516101484291350232e+01
9.532859092939713719e+01
9.546606162260171402e+01
9.567029218533919277e+01
9.585762509718922786e+01
9.603128870461004851e+01
9.620003385361616211e+01
9.634697318786702169e+01
9.654432886827294169e+01
9.669006500056831044e+01
9.685074653060686956e+01
1.174749229719763264e+02
1.176396212938904711e+02
1.178266159031702074e+02
1.179821838128959968e+02
1.181498141272935953e+02
1.182810925221902352e+02
1.184324006590943554e+02
1.185821589843078385e+02
1.187114297982593740e+02
1.188931363745935528e+02
1.190626080815782615e+02
1.192519657837774929e+02
1.194116354088418888e+02
1.195783944110583406e+02
1.197431003794747966e+02
1.198585682337254781e+02
1.199324361673260029e+02
1.199204446275942786e+02
1.198598133491453837e+02
1.198593480767479775e+02
1.198663933226940230e+02
1.198070507588261080e+02
1.197624354532651552e+02
1.197538169150349461e+02
1.197415039543330124e+02
1.196690575449097764e+02
1.195857686216966158e+02
1.195338145287191054e+02
1.195275125550255950e+02
1.195116080338886206e+02
1.194334050886033509e+02
1.193856727382173943e+02
1.193457412436286376e+02
1.193227125267584796e+02
1.192803542930795686e+02
1.192014006648001612e+02
1.191485341115629950e+02
1.191264088287959595e+02
1.191009095145543171e+02
1.190358140824104680e+02
1.189687051380635836e+02
1.189316346995408651e+02
1.189182314972804448e+02
1.189242043635302224e+02
1.188695458874413475e+02
1.187900638044595922e+02
1.187340184663692355e+02
1.186991396384453736e+02
1.186625668922513057e+02
1.185907269362541285e+02
1.185060210007500956e+02
1.184712315269000413e+02
1.184529348791321581e+02
1.184371154913790178e+02
1.183824232342991394e+02
1.183287947169816476e+02
1.183032993809912909e+02
1.182860300666359024e+02
1.182536483784898849e+02
1.181698371193006523e+02
1.181142969372174463e+02
1.180904784588484659e+02
1.180760381834761148e+02
1.180367290417622286e+02
1.179667548711149152e+02
1.179032996600640359e+02
1.178626641232436754e+02
1.178657154311642330e+02
1.177996148422070348e+02
1.177277294363111508e+02
1.176965266834247217e+02
1.177052084859102052e+02
1.176894577666445088e+02
1.175925944765161972e+02
1.175248209302214946e+02
1.175035185799195574e+02
1.174790911992872111e+02
1.174269187707957798e+02
1.173573948114125187e+02
1.173152861957014892e+02
1.173004836486105233e+02
1.172822579217298227e+02
1.171977082279656202e+02
1.171616025993686065e+02
1.171382602461482634e+02
1.171131165898748208e+02
1.170419392971497388e+02
1.170010666430882651e+02
1.169837434017117772e+02
1.169798632977575892e+02
1.169284862929391693e+02
1.168509839178951069e+02
1.168322219502015002e+02
1.168424049892316390e+02
1.168556632275433884e+02
1.168035838075191464e+02
1.167238453196552257e+02
1.166921390724056380e+02
1.166753994880320704e+02
1.166621169996330423e+02
1.166132316960352000e+02
1.165691027030309783e+02
1.165538729740332116e+02
1.165669433278076212e+02
1.165506644777721874e+02
1.164722281184090349e+02
1.164250028151319754e+02
1.164187465407207611e+02
1.164191916285591333e+02
1.164223895413288545e+02
1.163725349219159000e+02
1.163216603106818781e+02
1.162968520922183160e+02
1.163074944449245436e+02
1.163261277368694806e+02
1.163176741208497020e+02
1.162669665325957453e+02
1.162356366195821948e+02
1.162359010576679026e+02
1.162605119980809292e+02
1.162251023910085195e+02
1.161468758756678881e+02
1.161204366810097923e+02
1.161054403621087943e+02
1.161127331422066220e+02
1.161023616028709284e+02
1.160553700180378058e+02
1.159944084697034725e+02
1.159661270977631204e+02
1.159647819617367475e+02
1.159777673702888308e+02
1.159310832515140532e+02
1.158612934678022839e+02
1.158491013582117404e+02
1.158727566103654425e+02
1.158619895984216299e+02
1.158204496323667314e+02
1.157819061121996072e+02
1.157831334526149476e+02
1.157960241243263937e+02
1.157444430922398766e+02
1.156960418751005335e+02
1.156639294755571257e+02
1.156730971858691817e+02
1.156865290713350589e+02
1.156933607568905131e+02
1.156151155951964427e+02
1.155457854919759200e+02
1.155360970344497531e+02
1.155534265186645086e+02
1.155401912575437677e+02
1.154927596761784940e+02
1.154639637988910721e+02
1.154663754228419634e+02
1.154595328713807447e+02
1.154409013826473966e+02
1.153669530932520644e+02
1.153277444089762298e+02
1.153302928041185424e+02
1.153605969825703994e+02
1.153595960272906638e+02
1.152971243910666033e+02
1.152573530347251847e+02
1.152435416349124466e+02
1.152545575449465503e+02
1.152507446331456293e+02
1.152190726448679214e+02
1.151867259914092472e+02
1.151636898215234623e+02
1.151608551125244020e+02
1.151695222774388441e+02
1.151318498917199946e+02
1.150734335075992902e+02
1.150440443783469249e+02
1.150515039540610047e+02
1.150800896807829901e+02
1.150806120532541996e+02
1.150221773404134638e+02
1.149996767891083351e+02
1.149965965761361844e+02
1.150038929573597528e+02
1.149784072089063187e+02
1.149245496727313736e+02
1.148829831220568565e+02
1.148899099118682727e+02
1.149162338788835740e+02
1.149234033195629650e+02
1.148682408671553929e+02
1.148199273662325481e+02
1.148026326835368280e+02
1.148153559671480224e+02
1.148451919197466822e+02
1.148275465309781822e+02
1.147655405416366250e+02
1.147144243649803030e+02
1.147032252623949518e+02
1.147325112927927506e+02
1.147190478731950520e+02
1.146655369284436574e+02
1.146223152882745211e+02
1.146152009427015201e+02
1.146477536833126578e+02
1.146630442050119569e+02
1.146278963276545966e+02
1.145692180282052988e+02
1.145447634328955786e+02
1.145643944660171343e+02
1.145742168427669725e+02
1.145482291457569914e+02
1.145082904757570361e+02
1.144750730793749796e+02
1.144803135299114274e+02
1.144952320086170090e+02
1.145016012579257136e+02
1.144647146633668484e+02
1.144354193143315257e+02
1.144439601785704070e+02
1.144678997951269679e+02
1.144653579019286127e+02
1.144438951276394363e+02
1.143929239121872570e+02
1.143615718372247869e+02
1.143549025002025701e+02
1.143820684277423965e+02
1.143900958134033203e+02
1.143771618519912749e+02
1.143186322706490188e+02
1.142856933175974206e+02
1.142828630646258290e+02
1.143148650187519451e+02
1.143039685352324000e+02
1.142817798918128176e+02
1.142324386083087546e+02
1.142110165973414837e+02
1.142258781916502670e+02
1.142563847167312332e+02
1.142616986903300216e+02
1.142341155943259139e+02
1.141898511610267946e+02
1.141928166665119733e+02
1.142312740294237159e+02
1.142445429928529848e+02
1.142040927258447738e+02
1.141576764095370748e+02
1.141455742765095209e+02
1.141941323352710640e+02
1.141914705786332860e+02
1.141673785799194150e+02
1.141332440938462582e+02
1.141201000497728586e+02
1.141488956986949717e+02
1.141840069451464217e+02
1.141820395297538226e+02
1.141338080258529004e+02
1.141047782406785132e+02
1.141153856713644501e+02
1.141371129986128636e+02
1.141415037608607577e+02
1.141209229782558907e+02
1.140690234443581801e+02
1.140561432400627950e+02
1.140797850130648925e+02
1.140841106131024958e+02
1.140462332566708312e+02
1.140043329169748603e+02
1.139922474749381820e+02
1.140065286027387117e+02
1.140425125212703961e+02
1.140422157958296339e+02
1.140120143357756461e+02
1.139775178663030175e+02
1.139689214197667297e+02
1.140156996772232105e+02
1.140255076676099861e+02
1.139905845545178238e+02
1.139632031401227437e+02
1.139926043479192543e+02
1.140460371951636063e+02
1.140419825369509965e+02
1.139993139053929809e+02
1.139625081288601365e+02
1.139648108074702577e+02
1.139923470579353761e+02
1.139859129971654426e+02
1.139496127473072562e+02
1.139185187337532312e+02
1.139197421481119790e+02
1.139528719358684867e+02
1.139749076908074414e+02
1.139487267293952328e+02
1.139231224115596461e+02
1.139171203342025649e+02
1.139523961555556468e+02
3.433642234333499488e+01
3.443217499780011792e+01
3.455115150253609357e+01
3.467813253013239461e+01
3.481477623606765093e+01
3.491377799439255369e+01
3.502395514752451078e+01
3.513159314733888294e+01
3.525213363998345528e+01
3.538268100242714098e+01
3.554160468521928351e+01
3.565680061790133948e+01
3.579422665442034202e+01
3.594097792931972180e+01
3.607856587153319339e+01
3.625289960941039880e+01
3.466348980677746283e+01
3.479681806141510947e+01
3.498228978869088479e+01
3.509693622642350874e+01
3.525973916503746608e+01
3.541188210630019739e+01
3.556160071859340377e+01
3.575299792725561332e+01
3.588161911145851235e+01
3.610032581653547368e+01
3.623068676710554570e+01
3.635715801649974566e+01
3.653735549035397412e+01
3.662323905290526938e+01
3.669394916124186778e+01
3.674739928293636382e+01
3.674861221060518091e+01
3.671509991849963228e+01
3.671540016468055256e+01
3.670822658732982546e+01
3.666297637646188434e+01
3.665539627152755031e+01
3.668696851088833455e+01
3.671463371601730330e+01
3.672329325482748885e+01
3.670433861650081298e+01
3.670080275107857659e+01
3.672738277316138067e+01
3.675574607844846042e+01
3.677505542593382870e+01
3.676092551425036703e+01
3.674671341196971497e+01
3.676057640565245066e+01
3.680389124012244650e+01
3.681755326788637461e+01
3.682707196851713860e+01
3.681335771126452272e+01
3.681982934800785046e+01
3.683646516383288372e+01
3.687548948233364143e+01
3.688525679269740465e+01
3.690234172347377495e+01
3.687768679157750995e+01
3.687211354391334339e+01
3.690352796469255026e+01
3.695487214582365709e+01
3.697744539221834970e+01
3.698257859488018084e+01
3.699508231095745003e+01
3.703754943893820695e+01
3.707244963070318988e+01
3.706079274235987242e+01
3.705587278445208455e+01
3.705541220763469568e+01
3.709037049449433709e+01
3.714420570175071390e+01
3.717082149635906063e+01
3.717466574131649537e+01
3.718052902532614468e+01
3.722868269998487989e+01
3.727239422445802575e+01
3.729156937367175573e+01
3.730725873756055933e+01
3.732415240394872313e+01
3.737016991119643450e+01
3.739651412045377299e+01
3.743365538223250155e+01
3.744484997457208664e+01
3.748649170819518872e+01
3.754504527056804619e+01
3.757651017385437342e+01
3.760886216619111622e+01
3.763328520815997535e+01
3.769010190180038933e+01
3.774756239207932396e+01
3.777756430308548374e+01
3.780761955345142411e+01
3.785001267927178503e+01
3.791544875819580085e+01
3.796740788808988754e+01
3.799038713453968086e+01
3.801730299257715728e+01
3.806705708203710259e+01
3.811630404100572633e+01
3.816753270800828801e+01
3.819755923854275892e+01
3.821957044210036258e+01
3.826254667069763826e+01
3.832709757400346717e+01
3.838569475421189026e+01
3.841849154562038393e+01
3.844361726661075807e+01
3.849844105251060000e+01
3.858058923237255300e+01
3.862222482944763158e+01
3.865604093112028750e+01
3.868259654691577509e+01
3.874409343594200550e+01
3.880109263837056943e+01
3.885003573536288002e+01
3.888395614061391825e+01
3.891230072431442721e+01
3.897769409800859108e+01
3.904681834787370320e+01
3.907792671439117527e+01
3.911292027555029449e+01
3.916823992854202174e+01
3.922738789700858320e+01
3.924861969203610812e+01
3.926532294343058993e+01
3.927784104852658942e+01
3.933427782304327280e+01
3.940461930135180779e+01
3.945593952400353999e+01
3.950897629467998229e+01
3.958238103316399759e+01
3.966155647979946508e+01
3.971767156528155596e+01
3.976321385089213578e+01
3.981103001816250497e+01
3.990164998932839069e+01
3.997037003242252240e+01
4.002611771348789205e+01
4.009609491195793396e+01
4.018100569054302440e+01
4.027410645555382018e+01
4.033729477213556436e+01
4.035627234249704287e+01
4.041046801095089336e+01
4.050982249254874290e+01
4.058354186381258444e+01
4.062677548110996639e+01
4.067425624619572488e+01
4.071771125903281074e+01
4.081378244909810604e+01
4.088801585149273876e+01
4.094362239833775874e+01
4.098375995702150476e+01
4.105182667323774126e+01
4.117007422792843130e+01
4.124010394962699877e+01
4.127223621809837084e+01
4.131638322822398379e+01
4.137425723128626487e+01
4.146229395966786768e+01
4.155215666403496755e+01
4.160926824845433458e+01
4.165644928149588111e+01
4.173219195988937003e+01
4.184955071664949600e+01
4.191689471430135683e+01
5.494165336280643430e+01
5.481907213933295253e+01
5.469962475779372824e+01
5.460127259564299607e+01
5.451352141611845781e+01
5.439340619508384833e+01
5.431636818958192237e+01
5.423150351974550176e+01
5.417521643812032295e+01
5.409727206634040186e+01
5.398472008876283468e+01
5.387841285522299017e+01
5.380297383000839773e+01
5.373231122922489789e+01
5.367055460352426621e+01
5.355627763987765633e+01
5.343955256985903901e+01
5.335557470352416942e+01
5.325139587848192235e+01
5.318431388403886473e+01
5.309416697667592899e+01
5.294973370143881652e+01
5.104288984659100947e+01
5.095401208834628193e+01
5.090567688798968504e+01
5.265488170862919048e+01
5.254059996891174933e+01
5.245724250296542124e+01
5.237205216412523612e+01
5.231920658673902835e+01
5.223935783118445642e+01
5.211459628345917849e+01
5.202307852286990908e+01
5.193508276464444151e+01
5.100194670939080055e+01
5.091405311819296742e+01
5.077426419087543508e+01
5.070617933714616754e+01
5.060999548894709932e+01
5.053108555528912404e+01
5.046916764506431008e+01
5.033762095241426948e+01
5.024689548726419019e+01
5.015989512141612749e+01
5.009302498938632908e+01
4.999345287962348294e+01
4.985855739022535005e+01
4.977851249729929606e+01
4.970841942315207262e+01
4.964180623162469885e+01
4.957616365300336980e+01
4.948718132101801359e+01
4.941383875969135175e+01
4.934312501676534879e+01
4.927441055607290110e+01
4.921567295865775549e+01
4.912247783822970604e+01
4.903220698220712137e+01
4.895990602678904224e+01
4.889499220859973860e+01
4.883299724674460407e+01
4.875699248645074846e+01
4.866332299059061484e+01
4.858712719880448816e+01
4.852017181065625806e+01
4.845842747176354237e+01
4.837615414556228899e+01
4.826409514766454834e+01
4.816790299489652227e+01
4.814175016237049931e+01
4.814493651209455294e+01
4.809494030957383615e+01
4.801517596388880094e+01
4.794394760495902119e+01
4.784431916280204433e+01
4.777799982674466861e+01
4.775953838874264079e+01
4.767826606109664311e+01
4.756916264960344165e+01
4.750575653227474504e+01
4.745739030318114260e+01
4.742171414476099045e+01
4.735988695903596835e+01
4.728199420119666740e+01
4.720812714667649601e+01
4.715568787414274254e+01
4.712011143161475957e+01
4.708594482218309452e+01
4.703290309636476252e+01
4.693682965649990280e+01
4.687219562789833560e+01
4.683757668037661404e+01
4.680357835353965612e+01
4.673794364990104810e+01
4.664642317224248558e+01
4.658220165322195072e+01
4.652603828291699273e+01
4.650590264013673902e+01
4.643063611844133476e+01
4.634147466935254300e+01
4.627633948547119047e+01
4.623493766662619464e+01
4.621564072368869347e+01
4.615829450578091553e+01
4.607342730447470558e+01
4.599715400905034102e+01
4.595264919370887213e+01
4.592229593635897800e+01
4.588532458089567712e+01
4.581896275387678941e+01
4.575107816370176295e+01
4.569897791457538716e+01
4.567467298045037438e+01
4.565082154057745356e+01
4.557476799454442329e+01
4.549986546990692915e+01
4.543711627090893046e+01
4.540090956312040049e+01
4.539098977492741938e+01
4.533727650407542598e+01
4.525880377705523472e+01
4.520494374003460791e+01
4.516455816025440129e+01
4.515112253264813802e+01
4.512559550838422950e+01
4.506264270533834093e+01
4.498542379064569730e+01
4.493343271746298484e+01
4.489897850769792598e+01
4.488939081489718319e+01
4.485498652619845217e+01
4.478630743015907711e+01
4.472540774346035164e+01
4.470704429044624817e+01
4.469273860475287563e+01
4.464918244405036774e+01
4.455323121494769367e+01
4.448434833342441408e+01
4.445189500539854066e+01
4.443763844673944874e+01
4.439310228199597930e+01
4.432632353595619890e+01
4.426813933680308111e+01
4.424902480983512021e+01
4.424862088758804646e+01
4.421044871582922298e+01
4.412120460971278391e+01
4.405807408921868529e+01
4.402838048344549549e+01
4.402456742027039382e+01
4.399380061857298330e+01
4.392671609333868332e+01
4.385179337128268173e+01
4.383068468023778053e+01
4.384148708830180396e+01
4.384140409288044538e+01
4.378698132562585243e+01
4.371625517198428668e+01
4.366874870679774290e+01
4.362470266824024634e+01
4.359697404453399372e+01
4.355154772547503228e+01
4.347238427118746529e+01
4.343417449241766093e+01
4.340612251436418489e+01
4.338104462444782428e+01
4.333864658366164235e+01
4.326814496401018317e+01
4.322268146777314968e+01
4.318563593057035632e+01
4.314935700477399649e+01
4.308650345766499612e+01
4.301976837305721801e+01
4.299965575912968063e+01
4.299721726096512242e+01
4.297420320371981717e+01
4.291678196458558148e+01
