1.236666254988616313e-02
1.236666254988616313e-02
1.236666254988616313e-02
1.236666254988616313e-02
1.236666254988616313e-02
1.236666254988616313e-02
1.236666254988616313e-02
1.236666254988616313e-02
1.236666254988616313e-02
1.236666254988616313e-02
1.499315304874712984e+00
1.499315304874712984e+00
1.499315304874712984e+00
1.499315304874712984e+00
1.499315304874712984e+00
1.499315304874712984e+00
1.499315304874712984e+00
1.499315304874712984e+00
1.236666254988616313e-02
1.236666254988616313e-02
1.498200520590110774e+00
1.497543962380420979e+00
1.499601096579796344e+00
1.496320476125670096e+00
1.495148357328691890e+00
1.495789340131064460e+00
1.496407446704946409e+00
1.215569190629509078e-02
1.497838437899208452e+00
1.497371208888561789e+00
1.496440433708061013e+00
1.492633984101897626e+00
1.491454880568128694e+00
1.489087607866540708e+00
1.495263072775696589e+00
1.489452317465486564e+00
1.481018952833783375e+00
1.482046525617696675e+00
1.468354300734765694e+00
1.430957413321701566e+00
1.309636771192679516e+00
1.159542464843446918e+00
9.882944962778568154e-01
8.164051333390133225e-01
6.932605459740962539e-01
6.464626657595122783e-01
6.335518215516694474e-01
6.060944763645997879e-01
5.280068504574915167e-01
3.809205632697691413e-01
2.546488946378653861e-01
9.044828537789090239e-02
3.153250080648500181e-02
1.334328448051141480e+00
1.239244835716494464e+00
1.097546337986543996e+00
9.673178243392038800e-01
8.480953609683952177e-01
7.103030623033148583e-01
6.384018852660950927e-01
5.142288614940532243e-01
4.079690774460087987e-01
2.764677439355271993e-01
1.771900157911754092e-01
1.544921407280548609e+00
1.383674023530020003e+00
1.224732637381051870e+00
1.071654130635454338e+00
9.506650324313883349e-01
7.919661340355798052e-01
6.650807485595353619e-01
4.706532327735127863e-01
3.480022605859269258e-01
2.326936160045434410e-01
1.733010994231038437e-01
1.984726624283018881e-01
3.061357277676244326e-01
4.344714001268512038e-01
6.068337744710191606e-01
7.405378852095455544e-01
9.169186948844005869e-01
1.064644299956430951e+00
1.208127417922745472e+00
1.343124810888927101e+00
1.489711970276372366e+00
1.274155374923789941e-01
2.353332624206136980e-01
3.820193428298009897e-01
4.922081059823738558e-01
6.291969605523307640e-01
7.155880305590552881e-01
8.691910980870791725e-01
1.022486964302579127e+00
1.154252364701118694e+00
1.302436087876280402e+00
1.404662745558522774e+00
2.085341713594375535e-01
3.060980270272162795e-01
3.872742089520138653e-01
4.898605918821860583e-01
5.752842056045380792e-01
7.254612900317325419e-01
8.747082039055518177e-01
1.018508282941150034e+00
1.139013764683161289e+00
1.233371260974855943e+00
1.376330962373589539e+00
2.578140483614635992e-01
2.581553550057816282e-01
3.232128995840118368e-01
4.068646990122893325e-01
5.632688391097965264e-01
9.655538521416267006e-01
8.275077129916903473e-01
7.021402645696536160e-01
6.166951988448619026e-01
5.072674955924438844e-01
4.315160837601811905e-01
3.394525821240279573e-01
2.542741833141813346e-01
2.431318944504170521e-01
2.881177221964725255e-01
1.289746208650166981e+00
1.195391805926481865e+00
1.063248795165378846e+00
9.651601717510894796e-01
8.649094281687020880e-01
7.332605601868223966e-01
6.427152671749392088e-01
5.381525229104764385e-01
4.198625336901367078e-01
3.482695003459747585e-01
2.842087943780296500e-01
3.017287290470938577e-01
1.454115360929811640e+00
1.306262208917049250e+00
1.194222813833710983e+00
1.103865137071992297e+00
9.453153713631960997e-01
8.299029761542685568e-01
6.971357130058163376e-01
5.916444157941503912e-01
4.907863207935100336e-01
3.907470065554489724e-01
3.488220297744380471e-01
3.211419082322571894e-01
3.437359221783556906e-01
3.837054009165790647e-01
4.934485158066642674e-01
5.903018966600198647e-01
6.907640563736425765e-01
7.927178864859241170e-01
8.696312848100898885e-01
9.722581221184493083e-01
1.122787427476467315e+00
1.232817204436813308e+00
1.350025583623326364e+00
1.503181103184888956e+00
3.794666774620786276e-01
4.299151578816386432e-01
5.235791250514065798e-01
5.896199724381159246e-01
7.048066629096580993e-01
8.178685921303366912e-01
8.707605702220841959e-01
9.991162024915078987e-01
1.159893207259535597e+00
1.264945965457340282e+00
3.715347746852044053e-01
3.419703152523212997e-01
3.644578633020837399e-01
4.537720471687041179e-01
5.621860047069896504e-01
6.581863783579333660e-01
7.937335376189246228e-01
8.799807858352758361e-01
9.999011805116191365e-01
6.119014335742128941e-01
5.365122929083195880e-01
4.727411651982620366e-01
4.328618124923104826e-01
4.312881990654201525e-01
1.389252452851399644e+00
1.259315689175366737e+00
1.164796067343032426e+00
1.041013112208284186e+00
9.284569492514990197e-01
8.415724557248482895e-01
7.387509613136247211e-01
6.258330474477112881e-01
5.437344368332476252e-01
4.887882444875142340e-01
4.651526783950853949e-01
4.752572765257490617e-01
5.609469226099548234e-01
6.573613400236106852e-01
7.169298847974044930e-01
7.872393469133704968e-01
8.565524148740926158e-01
9.752594309082660562e-01
1.086018711293506245e+00
1.186104468659941791e+00
1.287426246926681950e+00
1.379176990268051517e+00
1.469053068812875118e+00
1.606151951147163581e+00
4.965696504431719172e-01
5.269784333109033270e-01
5.639791709764436778e-01
1.213888635008576244e+00
1.115647051417809621e+00
1.027884405097465148e+00
9.652606986476782724e-01
8.398474018161690147e-01
7.311635541075588440e-01
6.741342562681225115e-01
6.400100321133032066e-01
6.152884756627799989e-01
5.938974514249032444e-01
5.327353410160337033e-01
4.882282287897535822e-01
1.477544621046166018e+00
1.352530961064062121e+00
1.278958810662398804e+00
1.167364912484613049e+00
1.044984816054892240e+00
9.951242352124716195e-01
8.988906919809597218e-01
8.269147223250972178e-01
7.754953312802574938e-01
6.883828457835824421e-01
5.852015359522276805e-01
5.504376545750377936e-01
5.391563071732089485e-01
5.549310030935630245e-01
5.742948483301737461e-01
1.398175231285867515e+00
1.298388378822121769e+00
1.234820919980808451e+00
1.134125539266513272e+00
1.048229009231121056e+00
9.876046523311569070e-01
8.797564311244113755e-01
7.821226606108930834e-01
7.402703251639146664e-01
6.837883689269945720e-01
6.278532561599329265e-01
6.036548826125567313e-01
5.583936934921739370e-01
5.475596810175817897e-01
5.521940684076299677e-01
5.602689124061395187e-01
6.471188565374983437e-01
7.103237960652410976e-01
7.738896678898404824e-01
8.570496771238894640e-01
8.949979424669414207e-01
9.639020121678810726e-01
7.979532094486134763e-01
7.614262497636157256e-01
7.060412778939596512e-01
6.140264014939957882e-01
5.470055664822647268e-01
5.240813406109946504e-01
5.581620566064224853e-01
5.967219147747472308e-01
6.233317167274342596e-01
6.705142108518613586e-01
1.184248214641672625e+00
1.093294373727800251e+00
1.001274641942552224e+00
9.102698837662797082e-01
7.689803114600761713e-01
7.111443676136792735e-01
6.564801449771634489e-01
6.347909808596613468e-01
6.120315131371789619e-01
5.739785986891094982e-01
5.668266355942023216e-01
5.894781362688930049e-01
1.319417986323288217e+00
1.236074314045699341e+00
8.301051205564946578e-01
9.051167911708780656e-01
9.795013500519107463e-01
1.109702307246101860e+00
1.229998801005041331e+00
1.329404040878948035e+00
1.440710107129672624e+00
1.541098183304792535e+00
1.650124826485271035e+00
6.744725878965711630e-01
7.097512493687943014e-01
7.691272634902328598e-01
1.176333269428786910e+00
1.118352977752376409e+00
1.005049848367243426e+00
9.282236446644247518e-01
8.700335449846112734e-01
7.513314318323840446e-01
6.851503906480644890e-01
6.579097306495185205e-01
6.804367189281105288e-01
7.186529729622409546e-01
1.465836532259692460e+00
1.328833764829491670e+00
1.235057299042366497e+00
1.133291201939297332e+00
1.041314095916636040e+00
9.797872291990905591e-01
8.904773883673344770e-01
8.025681668463244822e-01
7.433997720638052531e-01
7.090097955147722786e-01
7.296981509595864557e-01
7.472362491411647101e-01
7.808380419169977937e-01
1.430780677143855817e+00
1.331686927845607160e+00
1.190842139354688634e+00
1.091585297142560806e+00
9.809374507062549320e-01
8.697669629418034454e-01
8.005754934824620417e-01
7.659359934080739452e-01
7.474401842420468345e-01
7.378372571036960759e-01
7.881990387624712158e-01
9.048610321937854417e-01
9.881357018201061271e-01
1.071420825867900550e+00
1.165632329694352931e+00
9.104625367916514556e-01
8.728792269072745968e-01
8.381682596756263592e-01
7.916501345216706564e-01
7.931887488538039710e-01
8.673343073721844210e-01
1.372317677052784068e+00
1.234979898252755337e+00
1.097495287521245810e+00
9.970532990525670103e-01
9.538078857878948824e-01
9.007900990285568898e-01
8.342633307094021733e-01
8.284223817950380209e-01
8.984549098297547332e-01
9.697026114612886660e-01
1.039333316504542637e+00
1.100361081156020049e+00
1.222244691021815211e+00
1.076956397668364929e+00
1.012067790283189828e+00
9.280730900322182730e-01
9.007692416311682271e-01
9.235223276379375124e-01
9.715102005991609335e-01
9.989830393001772890e-01
1.043322926852806143e+00
1.210109168394932766e+00
1.121020591841844327e+00
1.067714092677175319e+00
9.652708567963848019e-01
9.157103976035019244e-01
9.039433915647937523e-01
9.275438677791227882e-01
9.445516883249569506e-01
9.637762974242489733e-01
9.901535187624214140e-01
1.097540924014207109e+00
1.245117046879779199e+00
1.123021803140660024e+00
1.026050769861639456e+00
9.643389652143784518e-01
9.574800403676029248e-01
9.484156031119416186e-01
9.415097749788516879e-01
9.563073180286593145e-01
1.028660944797984644e+00
1.131826749707568247e+00
1.219932078131192421e+00
1.303951460728487222e+00
1.049138623678556925e+00
1.030003218559167211e+00
9.792348238571280117e-01
9.484560771423670156e-01
9.798136106011470225e-01
1.060092400657944189e+00
1.106841285101797467e+00
1.162065145808918398e+00
1.226284294046390277e+00
1.157242300232376175e+00
1.129519891852625690e+00
1.055706160956032980e+00
1.007082414566566442e+00
1.008436453537867816e+00
1.077926142293273992e+00
1.114341067100821814e+00
1.470157145955158118e+00
1.380786431910444589e+00
1.307555206459457109e+00
1.250503942301438132e+00
1.162366672690589686e+00
1.071892761346233680e+00
1.043353675972574557e+00
1.076905725547795845e+00
1.111372074647607899e+00
1.103371541672729439e+00
1.121655444435860627e+00
1.441466970024134264e+00
1.282388041061869099e+00
1.300568413308460736e+00
1.199138933520963457e+00
1.131564878145626230e+00
1.106812044503062031e+00
1.104949427542468943e+00
1.116839641591620413e+00
1.081209640717839093e+00
1.088226143558740366e+00
1.141340116175861841e+00
1.271511618608722971e+00
1.329222142000366924e+00
1.292054071137339166e+00
1.215194522044935610e+00
1.181417176502360222e+00
1.170339769427998444e+00
1.146360837159402069e+00
1.116101270621549180e+00
1.095366115897151049e+00
1.115638888363448267e+00
1.202793724801662245e+00
1.260488455420233134e+00
1.315373914778107833e+00
1.343879951681248741e+00
1.423820604492859632e+00
1.564198335099590276e+00
1.678489982930343238e+00
1.773122664280154970e+00
1.853485719180255398e+00
1.917435068992338287e+00
2.029967888094242667e+00
2.165778880041655974e+00
2.266395253448509006e+00
2.392701710603735599e+00
2.460043450760906580e+00
2.568876681474725032e+00
2.706215235796097573e+00
1.560462183155125082e+00
1.631239318918308756e+00
1.677543973637954711e+00
1.211746620861325452e+00
1.240005614836305448e+00
1.261363548216735575e+00
1.254228634126600239e+00
1.251741539922579971e+00
1.304943043986383611e+00
1.486596274561846398e+00
1.412457425376000497e+00
1.331050662278115526e+00
1.289329744762945484e+00
1.306970405195587048e+00
1.319384271525541719e+00
1.288350071064263025e+00
1.254270189287862047e+00
1.285173418287634650e+00
1.358589658023579227e+00
1.414506235119162181e+00
1.451976262543378082e+00
1.508213091064368072e+00
1.640020201815255874e+00
1.736486289482221501e+00
1.836917825035387031e+00
1.905680913602400661e+00
2.003905302367255725e+00
2.203078751858536855e+00
2.321086352369681638e+00
2.408697377774955850e+00
2.458731099548203680e+00
2.582392698286727573e+00
2.719994930718917292e+00
2.842248198180955754e+00
1.421588516783970135e+00
1.380989045181477692e+00
1.935753660013590283e+00
2.056424264155217951e+00
1.386856722767833228e+00
1.375596932946521855e+00
1.392056475285917694e+00
1.476618350782301858e+00
1.583278342918985171e+00
1.494754332137167463e+00
1.384668268949881265e+00
1.335569170772433534e+00
1.324070817602152061e+00
1.341266738441998951e+00
1.331144519557211137e+00
1.346157585583284577e+00
1.416919693416785364e+00
1.495136375011357766e+00
1.558028413262304790e+00
1.424649609018376450e+00
1.372659771269633344e+00
1.362511264783577092e+00
1.363891103941245353e+00
1.319644566900135096e+00
1.310043821489704552e+00
1.376334928502903177e+00
1.454006918052086927e+00
1.496943475052622263e+00
1.480767035221618233e+00
1.425459473369728114e+00
1.403381363915125801e+00
1.390531245179338793e+00
1.333309815853340963e+00
1.450135860524938369e+00
1.309462733920672584e+00
1.199672872765803033e+00
1.129377058321166194e+00
1.059799238384417031e+00
1.063882231951755353e+00
1.085370951678070739e+00
1.129289365927868660e+00
1.146592881288876598e+00
1.160564417134299475e+00
1.210559630369094863e+00
1.332578516745276387e+00
1.409644180288066817e+00
1.510060180618082892e+00
1.573029463861459698e+00
1.657109223599642966e+00
1.800541538168422662e+00
1.904487961510715088e+00
2.027393857535618960e+00
2.118890095769360826e+00
1.470523960493150151e+00
1.399261722288875021e+00
1.312424647365749264e+00
1.173642298116836402e+00
1.123956632120285848e+00
1.099913984535325184e+00
1.096576455039501186e+00
1.061099311729672756e+00
1.037848668983157863e+00
1.065691580302279506e+00
1.149811649390531265e+00
1.456847623923827717e+00
1.320742203282546878e+00
1.256432120118869511e+00
1.193492585116837867e+00
1.185275761781620085e+00
1.137616681688850662e+00
1.078654449600259024e+00
1.062470936421532564e+00
1.100603340860918600e+00
1.144409903157323383e+00
1.182163056534612844e+00
1.393516487959368666e+00
1.323454676701582011e+00
1.250182871647880667e+00
1.214586927069773559e+00
1.131612465288030833e+00
1.086094622128363829e+00
1.080950162929336766e+00
1.114937744717659607e+00
1.123570428072460770e+00
1.132522891797751230e+00
1.156268558240498345e+00
1.455278785761910942e+00
1.393289563876766168e+00
1.286006225465755382e+00
1.221349677426781355e+00
1.192629589636239995e+00
1.186850684370988951e+00
1.153919739279549050e+00
1.112078052052173138e+00
1.116082357712860906e+00
1.199361464150467294e+00
1.257013111697857344e+00
1.316065882312379420e+00
1.371880827492331534e+00
1.307167277896868374e+00
1.264864413863246551e+00
1.212550075915781456e+00
1.151585420321544539e+00
1.134017728242112000e+00
1.177901363909893417e+00
1.212231143954221269e+00
1.231999591309969055e+00
1.479437699589283284e+00
1.442710874104600860e+00
1.395838858141050576e+00
1.356891846349191688e+00
1.282061225624509415e+00
1.193645745055291529e+00
1.165018912858176492e+00
1.183880838034842675e+00
1.198191065929675281e+00
1.223204127780488371e+00
1.254372206014463753e+00
1.343457441810993913e+00
1.420052361854854839e+00
1.337109566939828076e+00
1.246613688221991811e+00
1.205317883389863010e+00
1.216482314407155929e+00
1.213321772041921598e+00
1.217840702949263942e+00
1.250334135208523989e+00
1.333281197652410155e+00
1.431358600572531836e+00
1.519119526620827276e+00
1.293867610114335598e+00
1.259012603096556271e+00
1.256261844499106051e+00
1.245947764254882628e+00
1.234354074914188359e+00
1.262460013318791097e+00
1.356575557221906037e+00
1.482351057670045380e+00
1.362831549237607298e+00
1.282150986849083685e+00
1.258795819979279695e+00
1.263656855853038996e+00
1.255478947071701157e+00
1.263927033950913215e+00
1.339993935143507287e+00
1.428472511085786767e+00
1.470846488397060003e+00
1.389291526992734616e+00
1.354286279550421801e+00
1.342027851922893644e+00
1.300073921158448442e+00
1.260663786163432221e+00
1.289453909004879328e+00
1.366474248705797256e+00
1.428510861885798455e+00
1.470358712702610093e+00
1.417080910631486557e+00
1.399158975731940480e+00
1.375375372617534397e+00
1.297801806625087151e+00
1.256007008696060856e+00
1.305558920242719578e+00
1.350747732676353285e+00
1.366923239662586775e+00
1.381065397291180163e+00
1.420226633003065508e+00
1.542313596850699575e+00
1.616081608974173411e+00
1.360155511669943751e+00
1.308363186840000525e+00
1.294122016847548462e+00
1.317449271460655602e+00
1.309796480284832754e+00
1.291405250935801163e+00
1.303479864952026057e+00
1.378231023850931214e+00
1.430361524448847899e+00
1.479304799029113715e+00
1.449346973217691348e+00
1.409013893396202866e+00
1.406412914499367117e+00
1.387101737988251982e+00
1.312808308838619986e+00
1.276619631051233883e+00
1.300846774169982956e+00
1.350292636146816161e+00
1.392583778672993766e+00
1.419586574369792409e+00
1.483457076952235276e+00
1.615441271255452449e+00
1.687423062033134080e+00
1.772743582520784456e+00
1.341432935730328735e+00
1.328570849600818615e+00
1.357321940854031128e+00
1.374466478207137854e+00
1.388471415392524388e+00
1.426061223332090178e+00
1.540187387241901185e+00
1.609905180130585922e+00
1.419020799938741195e+00
1.354805790578994085e+00
1.335736058148314420e+00
1.366061600253725139e+00
1.373242769728999502e+00
1.359514073666052925e+00
1.366467987938072559e+00
1.410857779044516258e+00
1.504377460448658610e+00
1.562394926144283103e+00
1.495029678935728912e+00
1.448617572149434984e+00
1.418043610308347802e+00
1.408685343235957621e+00
1.381639810757677500e+00
1.384493424544601003e+00
1.405633449023146353e+00
1.472762473345606837e+00
1.514170548065997046e+00
1.562100163520646845e+00
1.619295056792921628e+00
1.748616147249511421e+00
1.834040824379526535e+00
1.914407498863575752e+00
2.016474751002099275e+00
2.090141455221617761e+00
2.251600342501364427e+00
2.363790193852858934e+00
2.495431302868558188e+00
2.574807942637672209e+00
2.715863020253163729e+00
2.849841419476733861e+00
2.971268572545777698e+00
3.105265279177477744e+00
3.214577862754803839e+00
3.405722612717050346e+00
3.542155487019635451e+00
3.716418437033938371e+00
3.843914527710677209e+00
3.999186530880474599e+00
4.164499107664859423e+00
4.276945232879378445e+00
4.425461442987571381e+00
4.536489900105275197e+00
4.711444815608004433e+00
4.836349190245607055e+00
4.998756947688677066e+00
5.124344246827964966e+00
5.275322724991849732e+00
5.447098778678978626e+00
5.579262174230739113e+00
5.748144739894910593e+00
5.871485644915463098e+00
6.050923941798607153e+00
6.190235216412199648e+00
6.353138901029044661e+00
6.501508093457110782e+00
6.615977814045046479e+00
6.772543398575809448e+00
6.898336814684134843e+00
7.048515872261059023e+00
7.194982766021603027e+00
7.340857810457777965e+00
7.505723333928169261e+00
7.642167226894406973e+00
7.834659605702205099e+00
7.943035715932424523e+00
8.116383804318733297e+00
8.277313344346252322e+00
8.455777329952645971e+00
8.606540051539214531e+00
8.738502588965202378e+00
8.927444472616054227e+00
9.046584112088142504e+00
9.226850977747261595e+00
9.355157011082999574e+00
9.495372388848261735e+00
9.682989685165166449e+00
9.800426629943322254e+00
9.989368437735217654e+00
1.012421571489966432e+01
1.025492604412714215e+01
1.042623308118323955e+01
1.054342886606752394e+01
1.071895311158980313e+01
1.083892983581219838e+01
1.099230776296030854e+01
1.109814359386602511e+01
1.125944689682779298e+01
1.140667860296962921e+01
1.149555581100631230e+01
1.167110312354141222e+01
1.177474017857123911e+01
1.192752599568569849e+01
1.208272891203312582e+01
1.217045403934868197e+01
1.234272395667027311e+01
1.249279796996689562e+01
1.265852712896398202e+01
1.281431025752982400e+01
1.291137544276564242e+01
1.306234485882058394e+01
1.320683896867257978e+01
1.338912930227362708e+01
1.349317362817716592e+01
1.362083385070591035e+01
1.379612466435502327e+01
1.391854957672291349e+01
1.409388381879676011e+01
1.420261210694277132e+01
1.438904562052694303e+01
1.452574257884008446e+01
1.467666635420600407e+01
1.482204404857867353e+01
1.494292523376631365e+01
1.512973750027370379e+01
1.524496407415657551e+01
1.543974543497930441e+01
1.550778753202397375e+01
1.565405380860648066e+01
1.579786668130652671e+01
1.593227862864377897e+01
1.609284877406445702e+01
1.619373367287751364e+01
1.637004730158041355e+01
1.649955476455587089e+01
1.667758959166169319e+01
1.678853709267407979e+01
1.692461332294785947e+01
1.706505185062518493e+01
1.720842708423572631e+01
1.736698112719641429e+01
1.746937005105881724e+01
1.763741827818577690e+01
1.773172458923756523e+01
1.784998217671558862e+01
1.795961976155081175e+01
1.807043863907464498e+01
1.825307755133488641e+01
1.834158277173535367e+01
1.850992960159648959e+01
1.860601948628412927e+01
1.871058237469485519e+01
1.886397574952391309e+01
1.897461135746940286e+01
1.915581402251176613e+01
1.924750572179600283e+01
1.937463063391004781e+01
1.952224835416465254e+01
1.965602548140142147e+01
1.980410338143995830e+01
1.988750109570689162e+01
2.005125646122370853e+01
2.018740855829823388e+01
2.035725718395110917e+01
2.049109616090456498e+01
2.060728054945653298e+01
2.078247791362979058e+01
2.090912440267268124e+01
2.107422085348730789e+01
2.119116902817396664e+01
2.135045161633381383e+01
2.149464796433690594e+01
2.160498256669141171e+01
2.175852490647720572e+01
2.184640019454378290e+01
2.198896747097298032e+01
2.215006678261556061e+01
2.226285231640731510e+01
2.243628421233167103e+01
2.253387505136441860e+01
2.267487096038013306e+01
2.283519229544133111e+01
2.292337374682961126e+01
2.307278932044745545e+01
2.317712931455703895e+01
2.331434417921520108e+01
2.343840058257093517e+01
2.357067071250529722e+01
2.374342052604395192e+01
2.383582583007623157e+01
2.398253061846079959e+01
2.408583149352103092e+01
2.424116734811921603e+01
2.440229297675574216e+01
2.448714821809356934e+01
2.467103007353728827e+01
2.479466872308118752e+01
2.494025397496015017e+01
2.510076273986623363e+01
2.521473539238850137e+01
2.540363654201336985e+01
2.551350301650962038e+01
2.566981397992303471e+01
2.581133996734795488e+01
2.592239748780190212e+01
2.610415418595770731e+01
2.620455897923016408e+01
2.636179891743504911e+01
2.651335770228649835e+01
2.665012755600060501e+01
2.683469198898034946e+01
2.695443584496083034e+01
2.713035836392071332e+01
2.726213043915038625e+01
2.741725223239599885e+01
2.755870812019952609e+01
2.769704996410345288e+01
2.787813247020871543e+01
2.799540541092957469e+01
1.105039263795240316e+02
1.106224380967524326e+02
1.107793498961475365e+02
1.109297749848069685e+02
1.110302059699726414e+02
1.111459655285988077e+02
1.112785508170117481e+02
1.114239272109564354e+02
1.115923968888793638e+02
1.116794884681275448e+02
1.118026938960480265e+02
1.119124666164322690e+02
1.120814055679398678e+02
1.122549452114226796e+02
1.123799328949783813e+02
1.125298985556401732e+02
1.126526951303388557e+02
1.128112160295894597e+02
1.129484307869001753e+02
1.130609901069450132e+02
1.132152037238477789e+02
1.133447269777671806e+02
1.135369705613286868e+02
1.136645662885974559e+02
1.138042574176883619e+02
1.139451144635910396e+02
1.140891717614663463e+02
1.142619357636190927e+02
1.143794384911425084e+02
1.145448481093169306e+02
1.146741102175361391e+02
1.148151657474106173e+02
1.149954313314505185e+02
1.151391685858898768e+02
1.152753826112213318e+02
1.153993561638626915e+02
1.155601772028426950e+02
1.157318633990780938e+02
1.158651721775852081e+02
1.160281879379717509e+02
1.161615032151737523e+02
1.163627126707472854e+02
1.165478810491859747e+02
1.167184230500265016e+02
1.168811821844019505e+02
1.170245433552693584e+02
1.172204148309413654e+02
1.173647930106640160e+02
1.175219121780448859e+02
1.176850379430059235e+02
1.178500391025097400e+02
1.180373792087422089e+02
1.181932344979337017e+02
1.183611732478546799e+02
1.184926931079505152e+02
1.186442805776535039e+02
1.187943171406253242e+02
1.189238271907533004e+02
1.191058682669614086e+02
1.192756517457019498e+02
1.194653594948239288e+02
1.196253245916855263e+02
1.197923904349290325e+02
1.199573972260647849e+02
1.200730755970839283e+02
1.201470757225643808e+02
1.201350565196868700e+02
1.200743090248440694e+02
1.200738425833470160e+02
1.200809005988084692e+02
1.200214427530388264e+02
1.199767395505054424e+02
1.199680959064489656e+02
1.199557534154339891e+02
1.198831627926275871e+02
1.197997121764397832e+02
1.197476536044148503e+02
1.197413312390263371e+02
1.197253911417306682e+02
1.196470343230565163e+02
1.195992073423784490e+02
1.195591913070834664e+02
1.195361129788355044e+02
1.194936690455576240e+02
1.194145592020832538e+02
1.193615876076992635e+02
1.193394115357375256e+02
1.193138586893698516e+02
1.192486349600172417e+02
1.191813941590625774e+02
1.191442485951560712e+02
1.191308120663584731e+02
1.191367908501595281e+02
1.190820234038630900e+02
1.190023859760419924e+02
1.189462283253247961e+02
1.189112755184222294e+02
1.188746272760863292e+02
1.188026465484431071e+02
1.187177749504728013e+02
1.186829119923601894e+02
1.186645733749461158e+02
1.186487177661858965e+02
1.185939166123943380e+02
1.185401813735579850e+02
1.185146318064933126e+02
1.184973230045212205e+02
1.184648752493180837e+02
1.183809008064516632e+02
1.183252500435004038e+02
1.183013781297898248e+02
1.182869049479652546e+02
1.182475161612754846e+02
1.181774044760439182e+02
1.181138244404830431e+02
1.180731045238329813e+02
1.180761563511612593e+02
1.180099236824703013e+02
1.179378965454856854e+02
1.179066281450487281e+02
1.179153169922280284e+02
1.178995318789168749e+02
1.178024787577997046e+02
1.177345730439189850e+02
1.177132208904910868e+02
1.176887401935381803e+02
1.176364634428154545e+02
1.175668028266467786e+02
1.175246077016264792e+02
1.175097692284395379e+02
1.174915038725406333e+02
1.174067886728589514e+02
1.173706089925115776e+02
1.173472140986323353e+02
1.173220174904081574e+02
1.172507000809968503e+02
1.172097452726405606e+02
1.171923807074956869e+02
1.171884870160518517e+02
1.171370084996945593e+02
1.170593553946037559e+02
1.170405534029341510e+02
1.170507462493288244e+02
1.170640237499464860e+02
1.170118417915687274e+02
1.169319500106012271e+02
1.169001798929823224e+02
1.168834020936993738e+02
1.168700902594698618e+02
1.168211076679866807e+02
1.167768916113427480e+02
1.167616275326482054e+02
1.167747167985990160e+02
1.167584026912993949e+02
1.166798128360938165e+02
1.166324947845731543e+02
1.166262216710774453e+02
1.166266623568792085e+02
1.166298621527816124e+02
1.165799091029909960e+02
1.165289360041160620e+02
1.165040783057109905e+02
1.165147348678130328e+02
1.165333993224865452e+02
1.165249275851478075e+02
1.164741214841608041e+02
1.164427291370432442e+02
1.164429879365941787e+02
1.164676399754928440e+02
1.164321609302494807e+02
1.163537825054541770e+02
1.163272896918898880e+02
1.163122589104161335e+02
1.163195592887506393e+02
1.163091651426094160e+02
1.162620817834371820e+02
1.162010026653723997e+02
1.161726641147674997e+02
1.161713081156969309e+02
1.161843126695115700e+02
1.161375363597750408e+02
1.160676106379710291e+02
1.160553886004094153e+02
1.160790822456655036e+02
1.160682912987519302e+02
1.160266692563420179e+02
1.159880489660304477e+02
1.159892723370499397e+02
1.160021831351320856e+02
1.159505015640174292e+02
1.159020055657888548e+02
1.158698295251454908e+02
1.158790082562152151e+02
1.158924591513246440e+02
1.158992990074726777e+02
1.158209012800526381e+02
1.157514373966148042e+02
1.157417250793270966e+02
1.157590812268275755e+02
1.157458174653454108e+02
1.156982920809224424e+02
1.156694379603482901e+02
1.156718475933055004e+02
1.156649862426111781e+02
1.156463169198264893e+02
1.155722254264926079e+02
1.155329397453970017e+02
1.155354869003427609e+02
1.155658417807739369e+02
1.155648354030236789e+02
1.155022406946976616e+02
1.154623910805223801e+02
1.154485479125327743e+02
1.154595790762430596e+02
1.154557557114176092e+02
1.154240199286542747e+02
1.153916087208967554e+02
1.153685248758227146e+02
1.153656787548777203e+02
1.153743577854653779e+02
1.153366117942925086e+02
1.152780814439473005e+02
1.152486325695710576e+02
1.152561009821869931e+02
1.152847362733255778e+02
1.152852547483167598e+02
1.152267060029305838e+02
1.152041594228512338e+02
1.152010685438380193e+02
1.152083736443916990e+02
1.151828370993675605e+02
1.151288730562174862e+02
1.150872242905955289e+02
1.150941586607283966e+02
1.151205258727738396e+02
1.151277048569050692e+02
1.150724347451913019e+02
1.150240266250323060e+02
1.150066960530993327e+02
1.150194376145942670e+02
1.150493250809641239e+02
1.150316447476405699e+02
1.149695184867615012e+02
1.149183029336546440e+02
1.149070774252884632e+02
1.149364129932028362e+02
1.149229211245886262e+02
1.148693060705089977e+02
1.148259995956447455e+02
1.148188666540186631e+02
1.148514740240595700e+02
1.148667892001467834e+02
1.148315711196736828e+02
1.147727788586651059e+02
1.147482748542105071e+02
1.147679361331063035e+02
1.147777726533900164e+02
1.147517323220354228e+02
1.147117141438920243e+02
1.146784307731162471e+02
1.146836752958716659e+02
1.146986162448989859e+02
1.147049944656889124e+02
1.146680344545557517e+02
1.146386810547597719e+02
1.146472328765487276e+02
1.146712119265420711e+02
1.146686626787596737e+02
1.146471572235587928e+02
1.145960869825859305e+02
1.145646735087181156e+02
1.145579875183288863e+02
1.145852000907413100e+02
1.145932401187553324e+02
1.145802788403051551e+02
1.145216363110402114e+02
1.144886327475621073e+02
1.144857922338325835e+02
1.145178488848129206e+02
1.145069288795679370e+02
1.144846943849718173e+02
1.144352565603006013e+02
1.144137909764533703e+02
1.144286753877593128e+02
1.144592343116253943e+02
1.144645551556472327e+02
1.144369161399006316e+02
1.143925646789153348e+02
1.143955314590437951e+02
1.144340559126590762e+02
1.144473464654889767e+02
1.144068159919639811e+02
1.143603087685245612e+02
1.143481795661671185e+02
1.143968228227962101e+02
1.143941516663591500e+02
1.143700110781300054e+02
1.143358090383123198e+02
1.143226366231957485e+02
1.143514802986182417e+02
1.143866528912780041e+02
1.143846785679831868e+02
1.143363521693034244e+02
1.143072642921672468e+02
1.143178842963490069e+02
1.143396467578683371e+02
1.143440420803889594e+02
1.143234180924862216e+02
1.142714164718980641e+02
1.142585083876156631e+02
1.142821886294407250e+02
1.142865187613626290e+02
1.142485678464210395e+02
1.142065844542033943e+02
1.141944725002580725e+02
1.142087752371551375e+02
1.142448213901437697e+02
1.142445209660493362e+02
1.142142589707567879e+02
1.141796937413241722e+02
1.141710764246676604e+02
1.142179379658082041e+02
1.142277593729932477e+02
1.141927669431641448e+02
1.141653295715592407e+02
1.141947822702989015e+02
1.142483115012927897e+02
1.142442458816082080e+02
1.142014941017120861e+02
1.141646144051923955e+02
1.141669158218184492e+02
1.141944989998341526e+02
1.141880495576561287e+02
1.141516767367314173e+02
1.141205206712587170e+02
1.141217420835840954e+02
1.141549289351531371e+02
1.141770026438355501e+02
1.141507680947934631e+02
1.141251125637904806e+02
1.141190954040766314e+02
1.141544324650068063e+02
1.141637971820767063e+02
1.141521191116772798e+02
1.141136130242754092e+02
1.141119468453839687e+02
1.141311535449795116e+02
1.141545942301986969e+02
1.141620874712938587e+02
1.141428327553813489e+02
1.141002830641540697e+02
1.140933137197165763e+02
1.141422092475413308e+02
1.141538885614062764e+02
1.141485432521967880e+02
1.141213427101025388e+02
1.141148867743909960e+02
1.141394665441923308e+02
1.141650044020542367e+02
1.141609363314862691e+02
1.141214741192153497e+02
7.397993418852810521e+01
7.408300641115087615e+01
7.419357586892473932e+01
7.427870339107428777e+01
7.435970691488930129e+01
7.441369355343827863e+01
7.455847737976003486e+01
7.465158232297676477e+01
7.471034262465622078e+01
7.476868640005663735e+01
7.477143520251733833e+01
7.473876268601887318e+01
7.469537422005933536e+01
7.463540330344886797e+01
7.459470685971406567e+01
7.457740731747730933e+01
7.443403236765698239e+01
7.428385912513023470e+01
7.418299534700987863e+01
7.404777784891174974e+01
7.398021683186333064e+01
7.388096392997552186e+01
7.370610295295240633e+01
7.360221100260166338e+01
7.348086567309429995e+01
7.335433436874458835e+01
7.326285693210287775e+01
7.310515560508862620e+01
7.298223947385423571e+01
7.285454821473238951e+01
7.273464516708558847e+01
7.267049006908392528e+01
7.255573079141828430e+01
7.242660395977628696e+01
7.236884256505697977e+01
7.229771957083794121e+01
7.218671620437640968e+01
7.210925149524244659e+01
7.200983461622737991e+01
7.186725297298551141e+01
7.177999495497229532e+01
7.167533937219650397e+01
7.157067286192594224e+01
7.148932542076963159e+01
7.134652050324970674e+01
7.122067266665426644e+01
7.109011394775507142e+01
7.099552349087386460e+01
7.090542482547034808e+01
7.074932571317317809e+01
7.063099073707243747e+01
7.050331333505882014e+01
7.037579618830153549e+01
7.025630500253767252e+01
7.008010793030783248e+01
6.996832555421893574e+01
6.982695051379955942e+01
6.972162341022558962e+01
6.962024703350823529e+01
6.944233188836174975e+01
6.930867269800391739e+01
6.915018977572049153e+01
6.903041945115637645e+01
6.889362281993240344e+01
6.873581457256830163e+01
6.861102644623672120e+01
6.847756912709161270e+01
6.838940669309049269e+01
6.821454659855892544e+01
6.806802802001881503e+01
6.789951854577296331e+01
6.777321648428728906e+01
6.765277554832485407e+01
6.747114296587930937e+01
6.735699673076534566e+01
6.721740124029990682e+01
6.710711004148515713e+01
6.697756386174938825e+01
6.682522848708963181e+01
6.668734982002666811e+01
6.657891631374101848e+01
6.646737961737214562e+01
6.632780852651784187e+01
6.619098167924381926e+01
6.605941456023681724e+01
6.591407774610267722e+01
6.581890038480486282e+01
6.568536818762672169e+01
6.557269919208995645e+01
6.545335924617140222e+01
6.533837775988740759e+01
6.525732648515094070e+01
6.512700730896411017e+01
6.500664438485746643e+01
6.488792562619913440e+01
6.476319360664872704e+01
6.469264278290887660e+01
6.456216561896118833e+01
6.444263473241845475e+01
6.435220532438430041e+01
6.425768089306546926e+01
6.416568509855585489e+01
6.408297231468651489e+01
6.400539026832667844e+01
6.395651525221057199e+01
6.390162832885874877e+01
6.379595964524514073e+01
6.370779742009510471e+01
6.358810733825448835e+01
6.347816256208792396e+01
6.337782971111836616e+01
6.323181487270996115e+01
6.314147459748437541e+01
6.306955201221757790e+01
6.294895019967604810e+01
6.279980889807208655e+01
6.269497767671339972e+01
6.259456470322759003e+01
6.248247280372835633e+01
6.233415802742511858e+01
6.217087387013327771e+01
6.205509450648560232e+01
6.195312994232411796e+01
6.184296527670046117e+01
6.168321265818077137e+01
6.157664763614158687e+01
6.147721079399051547e+01
6.139276482536768498e+01
6.130034584565299838e+01
6.114305175639321277e+01
6.103606416227271581e+01
6.093962829240506096e+01
6.086312057083978999e+01
6.075452672949979416e+01
6.061097838852214181e+01
6.049973052562513942e+01
6.038654767200807783e+01
6.029816275476090937e+01
6.020592626540803849e+01
6.005240044035286928e+01
5.994228560740575773e+01
5.981559848969635595e+01
5.972121805226928615e+01
5.964096378912545049e+01
5.951284777013924554e+01
5.937827336769492348e+01
9.403625404575745961e+01
9.391250926569826163e+01
9.375128831082017200e+01
9.361267600058344840e+01
9.343148996564927700e+01
9.325146777914895324e+01
9.310479188190990385e+01
9.294269604036706767e+01
9.282725221057641818e+01
9.266677814089240428e+01
9.253728366690386054e+01
9.239772087439821746e+01
9.226594190104657400e+01
9.213766079036696510e+01
9.200255266754983552e+01
9.186070377215619942e+01
9.175256850551427590e+01
9.158752968362567515e+01
9.143311121741257352e+01
9.128617964415012409e+01
9.108509471152027004e+01
9.095520967396602430e+01
9.081643239011454227e+01
9.062348227283507640e+01
9.050058042200018349e+01
9.033170057875449288e+01
9.022444977166732372e+01
9.011935781392584488e+01
8.996616636524001365e+01
8.982942219354301017e+01
8.964633156642935319e+01
8.953608371361856655e+01
8.940136498450391400e+01
8.922946086157220691e+01
8.907500936968405369e+01
8.888611424170896669e+01
8.875480816916633842e+01
8.862905145129451512e+01
8.842761630656656280e+01
8.829896744492970129e+01
8.811465320939826995e+01
8.796474133632338521e+01
8.783815747908487026e+01
8.763638930238624880e+01
8.748081763284952217e+01
8.730125857451190541e+01
8.715150788061494325e+01
8.699511998828998571e+01
8.678352964385476298e+01
8.665492942045015923e+01
8.650836192406319469e+01
8.636667614670716375e+01
8.623542454534316448e+01
8.607727545926258017e+01
8.594668017239895619e+01
8.579100313559990809e+01
8.564414545107693755e+01
8.553037901938473908e+01
8.537713323299540491e+01
8.523665169324320345e+01
8.507209553923139822e+01
8.491409015047038622e+01
8.478609501170382146e+01
8.466037888240474274e+01
8.451530540598206187e+01
8.434977841793273967e+01
8.417995464420441465e+01
8.404027594739520168e+01
8.390700016927590354e+01
8.374835585176964514e+01
8.358621092759186411e+01
8.344556322007711913e+01
8.338157776171794922e+01
8.328311991116839863e+01
8.314012008632793993e+01
8.301810321812457971e+01
8.283553465754623346e+01
8.269791532431521830e+01
8.264009174910037814e+01
8.252664114958932373e+01
8.235647040357012827e+01
8.224005477071129633e+01
8.208271904298335642e+01
8.195616487855537002e+01
8.182918562524335471e+01
8.168970776923815436e+01
8.157549386452171802e+01
8.145352153361235992e+01
8.132499788016171749e+01
8.120808913436535192e+01
8.111343504195815513e+01
8.096812577798182531e+01
8.084577350080401459e+01
8.070747225519419032e+01
8.058854377792931700e+01
8.045507531892967279e+01
8.029046983600093768e+01
8.016562354721466477e+01
7.999024574928711218e+01
7.986971508981262957e+01
7.972851949135423411e+01
7.960112807666585866e+01
7.946160861491367200e+01
7.930560799998761468e+01
7.919747208611262579e+01
7.905936673953382865e+01
7.892988909916147122e+01
7.877025941744042825e+01
7.862272425096763584e+01
7.851404834119885834e+01
7.842293731179634619e+01
7.829739616553669634e+01
7.813863129382700379e+01
7.799065284878133752e+01
7.784321686198995849e+01
7.777586436312694218e+01
7.765434043579340084e+01
7.753368249407714075e+01
7.738805644073951839e+01
7.722152931372558271e+01
7.713680340935505342e+01
7.704295475275165472e+01
7.692417767101490256e+01
7.681413188150570193e+01
7.667128051737417138e+01
7.656320379997174541e+01
7.646776959168001042e+01
7.633579031790624470e+01
7.620229642955931126e+01
7.605701718850092163e+01
7.588981164647887567e+01
7.578459743433165841e+01
7.567683993659693442e+01
7.553906795583905875e+01
7.539542997788826995e+01
7.526184127388803802e+01
7.518032074126166719e+01
7.507858033145896570e+01
7.493361759663447685e+01
7.481219167998148123e+01
7.465196863091526325e+01
7.453079698606791226e+01
7.441776643827934379e+01
7.429810943436203274e+01
7.416990511034536837e+01
7.402396960082651844e+01
7.390400903683641332e+01
7.380263683539594410e+01
7.364000479128759480e+01
7.349550448865745977e+01
7.334378695970998763e+01
7.322623261293554719e+01
7.312723413067648437e+01
7.298677633039453383e+01
7.285260259686734230e+01
7.272852390842686532e+01
7.260960560674169528e+01
7.251711979650838202e+01
7.239101472627190503e+01
7.224764545349864875e+01
7.211698979986185520e+01
7.190473681582054155e+01
7.180260002350814830e+01
7.166215113236187051e+01
7.148581362736180722e+01
7.133828289075900386e+01
7.115610534789084340e+01
7.101070860053744127e+01
7.085550797830683223e+01
7.068118888966627367e+01
7.052860651894592081e+01
7.032671378379839666e+01
7.019474399883198146e+01
7.003607077609254361e+01
6.986817378808785861e+01
6.973984748156308910e+01
6.953904994043604404e+01
6.940866996071110862e+01
6.921475875535921318e+01
1.236666254988616313e-02
1.236666254988616313e-02
1.236666254988616313e-02
1.236666254988616313e-02
1.236666254988616313e-02
1.499315304874712984e+00
1.499315304874712984e+00
1.499315304874712984e+00
1.499315304874712984e+00
1.499315304874712984e+00
1.236666254988616313e-02
1.236666254988616313e-02
1.236666254988616313e-02
1.236666254988616313e-02
1.236666254988616313e-02
1.236666254988616313e-02
1.499315304874712984e+00
1.499315304874712984e+00
1.499315304874712984e+00
1.499315304874712984e+00
1.499315304874712984e+00
1.935455143984563323e-02
1.828134114902954868e-02
2.063401874864131263e-02
1.895387298825095684e-02
2.036019397568306077e-02
2.040456713576614331e-02
2.067923989908623111e-02
2.136013564950864710e-02
2.044937914336369608e-02
2.072577789157355882e-02
1.498810054381431334e+00
1.485356326788410009e+00
1.456606277697419127e+00
1.361483344946252894e+00
1.200928259874830983e+00
1.028093798166284323e+00
8.800476896965946372e-01
8.133592138850395115e-01
7.312805721752273502e-01
5.957672538008716989e-01
4.722745004968436078e-01
3.444121496600213717e-01
1.821384708664617325e-01
9.180288726313126646e-02
1.604261834818702104e-01
3.146267128216192477e-01
4.583297802110511965e-01
8.802738301261684439e-01
7.153404516889732001e-01
5.514646565785064070e-01
4.133792815239399343e-01
2.785970637852616116e-01
1.132637382405564108e-01
1.452999528087552727e+00
1.283990262659690407e+00
1.166918259537522040e+00
5.260659819719918362e-01
6.558761477313701516e-01
8.447304458198149346e-01
9.739018249634959767e-01
1.157551390091102306e+00
1.278870130116554593e+00
1.436020373573471121e+00
1.562658609595260817e+00
1.732163216554909457e+00
1.862251408061863955e+00
5.167995266925631270e-01
8.717714485869928476e-01
7.145420205370495159e-01
5.762628891553535082e-01
4.006505846251441905e-01
2.759378357629526102e-01
1.506329919658090655e-01
1.471308631116749588e+00
1.343230838985756126e+00
1.218098186552226903e+00
1.061147970955466535e+00
9.308633766016269906e-01
7.787703062230678652e-01
6.539975495817720308e-01
4.852327754551392092e-01
3.351318608648936048e-01
1.623439047413860470e-01
1.037411448655908008e-01
2.318483296322659815e-01
1.198176357000662495e+00
1.004442741528668304e+00
8.627840704423967999e-01
6.778036313715560812e-01
5.440241803140006827e-01
3.748387254433466764e-01
2.610085181749080552e-01
1.801484624832958570e-01
2.071359769881370994e-01
3.166872167092190105e-01
4.319429811194544500e-01
6.041312989243083909e-01
7.452402032069802562e-01
9.157153698166627942e-01
1.044367019454038203e+00
1.196581471284345888e+00
1.356390003497290442e+00
1.519868058363043950e+00
1.661391947045870454e+00
3.294133218726172929e-01
5.062282933350653602e-01
6.462358614013773428e-01
7.960618642632500963e-01
9.082424198899462509e-01
1.088958785241451732e+00
1.239492464527014892e+00
1.411196253597837957e+00
1.551992542069690284e+00
3.087130739143421065e-01
4.344365045195036079e-01
5.965552855887686912e-01
7.131485539376349880e-01
8.666272356470321458e-01
1.016378096215141191e+00
4.176521645336152000e-01
2.769515885746282602e-01
2.111919124949639126e-01
2.330900063678199574e-01
2.844711403523162430e-01
1.221850858237812254e+00
1.115054265074162165e+00
9.784370410319439548e-01
8.627197789677616413e-01
7.333022873972615541e-01
5.854071849801302241e-01
4.823221883597835768e-01
3.580268849059905500e-01
2.662051807748096466e-01
2.100176235681008585e-01
2.412240554740635035e-01
3.789701432501075828e-01
1.093991399100541217e+00
9.466239941248132395e-01
8.017879219360497522e-01
6.728722954270092149e-01
5.338651735442666579e-01
3.978232119875538819e-01
2.546192172729999648e-01
1.598537114797200287e+00
1.457273637055096049e+00
1.353460516244671119e+00
1.225505741124808035e+00
1.125754545516012728e+00
1.024510053754738470e+00
8.758120775752259446e-01
7.724731321674375151e-01
6.027720789464217077e-01
4.830705939810729932e-01
4.018662826107450292e-01
3.289227020844840421e-01
2.750716852401532408e-01
2.425539072397836227e-01
2.456018360392573652e-01
3.559485658180590595e-01
4.439981761918038727e-01
5.774411390743608985e-01
6.919076020844181496e-01
8.418918548291878245e-01
9.943134594644921220e-01
1.094579275097492754e+00
1.263613014549142211e+00
1.374122219645738552e+00
2.846160411093317522e-01
3.513279970529139540e-01
4.385318129230297290e-01
5.253195867497981730e-01
6.407663440912398922e-01
8.204144698298532212e-01
9.303357661326867589e-01
1.042748867611066110e+00
1.112147224012999480e+00
1.182791771531516822e+00
1.244560153842406924e+00
1.338347212643379081e+00
1.436077454050059599e+00
1.554348198877867349e+00
3.179136125486021203e-01
4.174856988679637171e-01
1.125107247858291970e+00
9.736664232002535391e-01
8.531877824553311118e-01
6.977280459473594876e-01
5.772429800699818703e-01
4.258554685393709516e-01
3.393745279791835490e-01
3.167142667585990390e-01
1.458540168114782265e+00
1.287836597757556767e+00
1.164952780157752610e+00
1.013406577334003744e+00
8.862328811749288215e-01
7.590655821160604555e-01
6.378900559560640726e-01
1.133150475538678759e+00
4.446113678585555395e-01
1.398230526784659311e+00
3.243709703817141965e-01
3.506409849580260363e-01
4.397839363350762865e-01
5.373512980351667911e-01
6.509934889332213981e-01
2.221548319275779004e+00
2.367535884265899782e+00
2.508154638609975340e+00
2.653476144081239774e+00
2.850582856148521138e+00
2.979013889801223502e+00
1.680807426163163587e+00
1.789633958582689699e+00
1.961220764625640767e+00
2.068869553561060837e+00
7.861051684903540560e-01
9.058023451359307199e-01
1.057107566855983727e+00
1.224567132069902975e+00
1.332450656641522402e+00
1.507916748394270146e+00
1.631059777772972952e+00
4.798775001708482923e-01
5.469208957793423309e-01
6.803605110516608434e-01
8.087551758025144366e-01
9.857813729002539160e-01
1.107173797385924363e+00
4.878029010857418690e-01
4.309237115354818681e-01
3.659561135308591062e-01
1.423773708598765841e+00
1.304831724026088269e+00
1.155093031846069707e+00
9.910623716253669224e-01
8.296545048672825384e-01
1.025718854641119560e+00
1.177874510329340652e+00
1.311500952819758314e+00
1.450047442815812326e+00
1.573296341846048385e+00
1.706913627911167630e+00
1.834012481389786453e+00
5.797624694490703945e-01
6.679742783950665119e-01
8.459578798296989444e-01
2.407630782254559065e+00
2.559174803828368816e+00
2.669803152160304283e+00
1.345145750002165075e+00
1.499501001598600558e+00
4.912202850309379532e-01
5.097665786734243420e-01
5.940671502355371336e-01
7.303228061975232110e-01
8.252858582033357759e-01
9.156136029615585814e-01
7.532554831053722699e-01
6.725785503664154508e-01
6.093995168840257159e-01
5.008072969150326736e-01
4.549410095674946142e-01
4.766054236710007830e-01
5.363046382934760770e-01
5.923311786822579306e-01
1.171184487852396261e+00
1.080289120138723247e+00
9.663417786610033478e-01
8.770301553766344238e-01
7.422641126404786460e-01
6.269265537632628948e-01
5.708111655185650335e-01
5.559185315690078344e-01
5.769033415855476798e-01
5.979852020436572380e-01
1.311565893605161293e+00
1.160963854877256063e+00
1.033347764194028739e+00
9.500136315677891741e-01
8.037241331213069717e-01
7.206758123096779212e-01
6.442384020241599396e-01
6.352956180527237207e-01
6.046012851610346184e-01
5.943277602349316124e-01
6.357711927840632438e-01
7.714533020956757525e-01
8.513943902424168098e-01
9.531632137503901481e-01
1.019391236725743832e+00
1.166101170002481258e+00
2.752804473963797793e+00
2.866574835422016410e+00
3.042502781716216020e+00
3.154152570182771953e+00
1.897705520915454969e+00
7.406020965359562114e-01
8.283327130066552302e-01
9.190872016459092908e-01
1.059697735064009994e+00
1.195708592943527160e+00
1.337976317289217620e+00
1.473810554602376754e+00
1.604640182599109011e+00
1.787670081996865390e+00
7.300795007912647128e-01
7.972367055400874092e-01
1.112729949660648865e+00
9.604171193397020856e-01
8.561155389515756609e-01
7.079393394836580589e-01
6.279480571418101231e-01
6.182693437742683429e-01
6.735213580024150826e-01
7.231621686972650176e-01
7.967121446380195371e-01
9.201231007982146881e-01
1.074660763509351247e+00
8.667319639494358574e-01
7.400643493440309806e-01
6.785774967690973991e-01
6.827720303089654941e-01
7.163008472983285468e-01
7.512282997828303444e-01
8.102753047834705402e-01
9.353234079187641159e-01
1.020156854874036734e+00
8.727546658650815470e-01
7.701968520754622904e-01
7.219863907387261692e-01
7.271541455693154576e-01
7.300407059480713556e-01
7.370171175605201297e-01
7.953428403284217296e-01
9.361193673266449133e-01
1.041595564044738076e+00
1.162406412297944946e+00
1.276616945836161143e+00
1.510435800193103084e+00
1.624417650043493033e+00
1.771310809337707903e+00
1.920822775867708554e+00
8.794652068762497388e-01
1.015123700713943311e+00
1.118131082373249763e+00
1.235331312775031609e+00
1.355835827203557775e+00
1.533375716973380598e+00
1.669734736045620060e+00
1.858995706037639417e+00
1.979863811130134987e+00
2.172657931197543579e+00
1.045113642310857793e+00
1.144342656045844953e+00
1.247630892952310111e+00
1.397674333409158365e+00
1.562238773995311414e+00
1.698897702550848932e+00
1.851140467679065260e+00
1.978498513685777116e+00
2.154684198392893268e+00
2.299975646502454119e+00
2.463762014643235521e+00
2.573783447924970158e+00
1.388719583548926106e+00
1.525152138476198127e+00
1.691331540259935373e+00
8.393201256068789640e-01
9.193557331759251161e-01
1.011995075758566731e+00
1.092640880342187204e+00
1.185048047094642065e+00
1.306706313191283497e+00
1.488338922399429887e+00
1.641952533649782442e+00
1.790643149993048633e+00
1.963340355941244120e+00
2.133299701899515011e+00
1.307446007958893430e+00
1.160784220784924159e+00
1.109027157087115523e+00
1.089730889704608296e+00
1.077567351294718367e+00
1.009839071161222623e+00
9.456506436655035541e-01
9.442160107638212230e-01
9.759520593324659821e-01
9.759438807201107347e-01
9.535988685975890222e-01
9.593489183711625401e-01
1.056414396858383897e+00
1.118013148659928513e+00
1.164321336195534462e+00
1.204387886090428905e+00
1.144694519277895450e+00
1.111178663897425478e+00
1.082636137787368336e+00
1.005343625562806098e+00
9.719206737600316615e-01
9.924684258478891907e-01
1.022742285772166637e+00
1.027428243021766052e+00
1.024693800553500234e+00
1.083337220547385460e+00
1.202616653573140182e+00
1.272533230711399677e+00
1.325002757674903497e+00
1.368448154604697820e+00
1.491900457771327293e+00
1.633290404556224207e+00
1.746298481685748305e+00
1.890757539643689089e+00
1.989592146563992747e+00
2.133842649376188838e+00
2.260995879110370144e+00
2.388917548228353560e+00
2.513482407942809083e+00
2.680148665114989281e+00
2.812090298536213950e+00
2.954177922964347669e+00
3.061628844379819636e+00
3.196505318172377486e+00
3.347097152987552171e+00
3.490184600130400661e+00
3.621912721686848968e+00
3.736835701313296454e+00
3.883002081616356627e+00
4.019274936526210595e+00
4.148748096651481809e+00
4.296255572331527439e+00
4.468498542004125440e+00
4.603359782035441050e+00
4.769220768623592122e+00
4.887186494051022123e+00
5.048211475331950027e+00
1.201659575171177163e+00
1.279188863274943966e+00
1.345193908878129951e+00
1.461863464408039270e+00
1.572838493199550935e+00
1.693547693344146010e+00
1.771002885544098238e+00
1.880723678305278979e+00
2.029689094288260609e+00
2.152767388346006339e+00
1.171945602058479086e+00
1.226749207400110953e+00
1.335525637520133424e+00
1.438805828783646490e+00
1.539818513452720028e+00
1.633959249515427814e+00
1.759305237046841830e+00
1.878984522651387934e+00
2.011980312493245382e+00
2.107774835583450912e+00
2.244593213040086077e+00
9.436163732385528524e-01
8.878437462119046497e-01
8.473813166198712610e-01
8.486031825069579870e-01
9.196479803689457944e-01
9.779150042956261668e-01
1.017147717841518695e+00
1.086436934788918229e+00
1.195541065952807402e+00
1.300198327365157391e+00
1.396162129615706071e+00
1.497769438257696484e+00
1.640919094179522641e+00
1.773327325794281872e+00
1.886761005024201188e+00
1.994251748896924026e+00
9.774876182292859816e-01
1.071259268239438400e+00
1.171853879897216233e+00
1.243567277453807574e+00
1.364473009340017251e+00
1.493403784209195173e+00
1.613209907146939459e+00
8.743276112069716666e-01
9.256783959689206531e-01
9.663820056921398338e-01
1.002190175420513363e+00
1.033127893988233348e+00
1.154356833294926998e+00
1.270209583569405165e+00
1.365949560146991759e+00
1.461363974008888844e+00
1.587361864804745171e+00
1.707104079389120566e+00
1.842008060795053748e+00
1.952232374540272319e+00
2.107885378742108351e+00
2.263519553162519848e+00
2.402761432441556710e+00
2.536996990408013186e+00
2.664453953367240668e+00
2.834899023387165595e+00
2.960835387462067203e+00
3.132199785863570618e+00
3.278708314569341642e+00
3.451591519786221252e+00
3.588332286371740842e+00
3.744837532519171397e+00
3.886096409023813258e+00
4.028120639389570989e+00
4.155931662985331343e+00
4.323909729553808035e+00
4.468888830920269228e+00
4.625716734341281722e+00
4.786423793530452109e+00
4.950434218284118337e+00
5.106573890695749185e+00
5.248887346011613886e+00
5.436362820149554409e+00
5.613360618934090773e+00
5.759695445934342573e+00
5.916145992165008138e+00
6.096477996271571165e+00
6.250747589926844761e+00
6.403178234612689756e+00
6.533719663645841003e+00
1.489461662950094301e+01
1.504976233006927089e+01
1.522140191375331852e+01
1.536557824569790398e+01
1.554241218800119206e+01
1.569930527616630300e+01
1.590316042637440930e+01
1.606097740561121157e+01
1.625726016313846145e+01
1.640458658380895685e+01
1.661203606786365583e+01
1.674783955848878492e+01
1.692603248437493590e+01
1.708434505369884349e+01
1.730972977162612025e+01
1.747453267202793015e+01
1.768304795121936834e+01
1.786713312527383124e+01
1.808724950158612899e+01
1.823326069208537703e+01
1.842469392551142349e+01
1.856006178495584180e+01
1.876288737685004193e+01
1.892338727816805743e+01
1.913811231245982469e+01
1.931519132088151380e+01
1.950696644192703033e+01
1.968067559849899695e+01
1.989023809108212859e+01
2.007700013915954784e+01
2.030523592849677428e+01
2.989594511698571822e+01
3.007549045234265961e+01
3.029271625316668093e+01
3.048393752600818019e+01
3.066861963476103625e+01
3.085084396653098082e+01
2.968313612230258158e+01
3.123602748784731276e+01
3.147079128411627025e+01
3.164270364416499248e+01
3.187943870305956651e+01
3.205770037716735033e+01
3.227638325031296773e+01
3.245685703268524236e+01
3.263353252879492317e+01
3.280368213515261289e+01
3.297523658990861861e+01
3.316085381422734457e+01
3.336169532154151085e+01
3.352551574362829001e+01
3.372168759497927937e+01
3.387853086324519580e+01
3.411780928906435406e+01
3.430113761103939396e+01
3.453313919419423428e+01
3.476421598835403870e+01
3.494681831994260079e+01
3.516475136791658684e+01
3.537053610368385392e+01
3.560651485932401528e+01
3.577417504820926553e+01
3.592819191115724919e+01
3.610418050896428355e+01
3.632585094002378412e+01
3.647797049930961322e+01
3.666887157194882718e+01
3.681084705732514806e+01
4.964423071526114484e+01
4.976414894231121622e+01
4.992951753374362056e+01
5.005934130058462728e+01
5.025518940867083018e+01
4.900439068576764612e+01
4.918890806908044766e+01
4.932630085516485252e+01
4.949640128434904796e+01
4.961123197617412472e+01
4.976775584006384179e+01
4.989303200126889237e+01
5.007545894676609777e+01
5.021778924279114875e+01
5.035788381664583824e+01
5.051099835738337873e+01
5.069807669117012239e+01
5.085246948685585267e+01
5.101635167395692605e+01
5.116771663922521896e+01
5.135773772263936365e+01
5.148264810211809817e+01
5.167247178718816514e+01
5.040576538738108070e+01
5.060702355388215778e+01
5.076249269183614388e+01
5.094236134749461087e+01
5.112117296740363059e+01
5.133795940927466006e+01
5.151780088842574656e+01
5.169258134710946706e+01
5.186374752306033997e+01
5.205892118508042898e+01
5.223977038092423442e+01
5.241427633197989167e+01
5.262588104666743760e+01
5.281057413410668744e+01
5.299421581593968256e+01
5.315917392618874260e+01
5.336223311778645950e+01
5.351253097079194987e+01
5.369810027224285420e+01
5.384827821468012843e+01
5.406137912016065883e+01
5.421495522689271951e+01
5.442106542656724599e+01
5.460004332802072469e+01
5.476772396499460882e+01
5.492415719503705418e+01
5.510203150937569205e+01
5.531869818678096351e+01
5.548388385824732438e+01
5.566536383687365941e+01
5.583891077988653251e+01
5.602468297002618414e+01
5.619337322820454972e+01
5.637567293596931961e+01
5.654566838849665800e+01
5.677709819550859294e+01
5.695744603638488002e+01
5.714539733279450928e+01
5.729333406522361827e+01
5.750070971722852420e+01
5.764686189874733913e+01
5.781223359547793450e+01
5.793231281064252158e+01
5.812407244696463238e+01
5.826987140219658556e+01
5.844821629445819156e+01
5.857236980002736004e+01
5.879404163079458101e+01
5.895668795983819166e+01
5.915917454306764256e+01
5.932231435213179793e+01
5.954115547248774476e+01
5.968365159818783638e+01
5.986774686689653890e+01
6.000874437563891206e+01
7.577552994649767015e+01
7.591039342909148502e+01
7.610256632404838228e+01
7.624685069505528645e+01
7.643178355066670804e+01
7.655915966772079173e+01
7.674907301153110950e+01
7.690640553067484575e+01
7.709508593562361511e+01
7.724519025884451651e+01
7.741979488275148924e+01
7.762565357658213827e+01
7.786039407820699410e+01
7.801847154148528318e+01
7.820153239918151655e+01
7.837631939425278915e+01
7.857235176016145317e+01
7.873644974115731543e+01
7.891090534525297073e+01
7.911538150286564530e+01
7.931397629979639419e+01
7.949666465991808195e+01
7.966947671752548388e+01
7.989259234046426172e+01
8.004485845090465546e+01
8.021466262790461599e+01
8.038450175571398404e+01
8.063395328359308678e+01
8.078585474647925935e+01
8.100415042193911574e+01
8.118596112081409899e+01
8.135801505904646547e+01
8.151879906032108636e+01
8.170728302267069409e+01
8.189154716581903415e+01
8.208192378000116207e+01
8.221115881735042308e+01
8.240123657556405590e+01
8.255875270071322802e+01
8.276636115549983685e+01
8.289942425275137339e+01
8.308524429487930263e+01
8.323315746355555689e+01
8.345520961907304525e+01
8.360715752202162321e+01
8.381912557448322332e+01
8.395306714694592642e+01
8.415234274237390366e+01
8.428481099470704407e+01
8.445437824005931304e+01
8.461219666793755323e+01
1.034585744066290829e+02
1.036095186040437142e+02
1.037964643503924691e+02
1.039415612559354685e+02
1.041292404181789806e+02
1.042817474394416308e+02
1.044594205553509738e+02
1.046204241101683152e+02
1.047973703928463465e+02
1.049642177210681098e+02
1.051363413851016873e+02
1.052919559908405631e+02
1.054984378503169751e+02
1.056629136855915334e+02
1.058178701231389027e+02
1.059756582716023985e+02
1.061442775044710345e+02
1.063101019099928521e+02
1.064400790494170366e+02
1.065938717732793748e+02
1.067086228432817165e+02
1.069212919558260211e+02
1.070359687992342259e+02
1.072209504059542553e+02
1.073403515980730418e+02
1.075466661806843547e+02
1.076854147281944591e+02
1.078485317219736430e+02
1.079941203641932361e+02
1.081684781017004156e+02
1.083324045263970561e+02
1.085016507228003348e+02
1.086771126507046716e+02
1.088575751291497937e+02
1.090260451363178476e+02
1.092136235994686189e+02
1.093789833875427746e+02
1.095665351207656357e+02
1.097289563784176494e+02
1.098706076033814014e+02
1.100585527994015536e+02
1.102269282877922336e+02
1.104274525587690334e+02
1.105786648592678034e+02
1.107478411886477829e+02
1.108693036498574997e+02
1.110798611012528028e+02
1.112534872552967187e+02
1.114351425237695992e+02
1.115951484810764072e+02
1.117941234846258993e+02
1.119710892904222135e+02
1.121270913750349649e+02
1.122865266326132740e+02
1.124755301598399626e+02
1.126838756753351021e+02
1.128446384683934838e+02
1.130341275081515278e+02
1.132063697384814844e+02
1.133906256449123333e+02
1.135787357086195897e+02
1.137884840961670960e+02
1.139492304667766689e+02
1.141291336987894880e+02
1.142765650483258781e+02
1.144707824803496692e+02
1.146530932744390867e+02
1.148698361840522324e+02
1.150408166072261906e+02
1.152484143571608115e+02
1.154283282663727164e+02
1.156308726680461803e+02
1.157742373118528718e+02
1.159436166588904058e+02
1.161206246237220370e+02
1.163383361955101520e+02
1.165193120196800578e+02
1.167066349332731789e+02
1.168732157746191831e+02
1.170548751168803960e+02
1.171761650063811970e+02
1.173453983820827204e+02
1.175022403545437442e+02
1.176692926685291951e+02
1.177804261057345059e+02
1.179527232130957088e+02
1.180889643939026570e+02
1.182715062528114771e+02
1.183918563506564823e+02
1.185777164233628014e+02
1.187115517570991869e+02
1.189128731070638594e+02
1.190368493560217473e+02
1.192096327818479153e+02
1.193639786960130493e+02
1.195236606851970151e+02
1.196995929362695534e+02
1.198453028021591535e+02
1.199874338205249700e+02
1.200718060922199868e+02
1.201072175276734981e+02
1.200839536097297184e+02
1.200246951034566223e+02
1.199649446258901406e+02
1.199091230380976754e+02
1.199092199112497070e+02
1.198991139337642693e+02
1.198391063243546739e+02
1.197762368780412743e+02
1.197393955521423976e+02
1.197137572787778481e+02
1.196710533699439054e+02
1.195885581953210277e+02
1.195517266208250646e+02
1.195360695790202641e+02
1.195078911954740448e+02
1.194367266510531493e+02
1.193926401281927525e+02
1.193510613550610344e+02
1.192801539555260746e+02
1.191875286614326654e+02
1.191417254261980929e+02
1.191242600279950210e+02
1.190642210913444501e+02
1.189926762404379019e+02
1.189509506055292576e+02
1.189139216686045586e+02
1.188711223322031998e+02
1.187904417920597240e+02
1.187495639420892104e+02
1.187289096281641179e+02
1.187041666015526005e+02
1.186295478513715551e+02
1.185849458573312489e+02
1.185554865995323439e+02
1.185425128562933281e+02
1.184756880684701343e+02
1.184114921304574466e+02
1.183961147732626102e+02
1.183912003733866953e+02
1.183488489647369164e+02
1.182749846308694686e+02
1.182427702073219820e+02
1.182212128755714389e+02
1.182007672405734837e+02
1.181094271374554410e+02
1.180518339763018076e+02
1.180173369943195780e+02
1.180030584805897291e+02
1.179437157863460754e+02
1.178875425612544632e+02
1.178599465275889031e+02
1.178409067239502690e+02
1.178006446112049019e+02
1.177178732576450102e+02
1.176672859702260325e+02
1.176386786924199583e+02
1.176294359995500400e+02
1.175699985519816266e+02
1.175174281825878495e+02
1.174815115494972986e+02
1.174677423839283819e+02
1.173918586911729420e+02
1.173186281895851550e+02
1.172953167495678173e+02
1.172805657580641849e+02
1.172169802608509883e+02
1.171479624949971310e+02
1.171194119561020273e+02
1.171047655249311106e+02
1.170606264374976178e+02
1.169941529387584040e+02
1.169563774164867311e+02
1.169487444443556967e+02
1.168994415698483778e+02
1.168332471992323462e+02
1.168325429331103749e+02
1.168267456990953548e+02
1.167771774577157657e+02
1.167002490196211397e+02
1.166710452907978919e+02
1.166299832058193147e+02
1.165754243891802275e+02
1.165294535169481662e+02
1.164864275942412917e+02
1.164405972537678196e+02
1.163782687333754780e+02
1.163647407969529723e+02
1.163463781055691584e+02
1.163146501825358143e+02
1.162430829423916236e+02
1.162082493470344673e+02
1.162120315144197207e+02
1.161881318965528038e+02
1.161250136855789208e+02
1.160844372131292204e+02
1.160832224571013285e+02
1.160768215559833578e+02
1.160211855374175656e+02
1.159651920840917825e+02
1.159512455111345304e+02
1.159384127444443067e+02
1.158853569142758460e+02
1.158375117463109376e+02
1.158419656800648312e+02
1.158599165024117639e+02
1.158142515472062541e+02
1.157421610650704764e+02
1.157130985064272721e+02
1.157214990783017754e+02
1.156866207114997422e+02
1.156439520765734983e+02
1.156387607312142194e+02
1.156212555696445747e+02
1.156003491428665484e+02
1.155388443272077126e+02
1.155033288071315525e+02
1.155193005011138325e+02
1.154966188692286124e+02
1.154438414070390451e+02
1.154193656236723200e+02
1.154270548588518466e+02
1.154004993304008764e+02
1.153491743629107020e+02
1.153269646585196426e+02
1.153276224480236749e+02
1.153082753253582808e+02
1.152559795981676558e+02
1.151914409566875435e+02
1.151924912603272446e+02
1.151944537602405347e+02
1.151795801437179847e+02
1.151447166216558742e+02
1.151348537276676751e+02
1.151417846056451992e+02
1.151534815023496634e+02
1.150942141000408583e+02
1.150427093077683338e+02
1.150255642936999294e+02
1.150537470061894112e+02
1.150444707612394808e+02
1.149804588820258999e+02
1.149493957261656902e+02
1.149537019317059219e+02
1.149521203298731109e+02
1.149290640127214260e+02
1.148625166031578857e+02
1.148455943498080103e+02
1.148584179930568325e+02
1.148571768211895971e+02
1.148118531473791677e+02
1.147581647520333945e+02
1.147514621773537016e+02
1.147644248120223551e+02
1.147304923740657046e+02
1.146696060433330047e+02
1.146580386353860916e+02
1.146908537727246227e+02
1.146765772296831045e+02
1.146066901255094308e+02
1.145690718235494074e+02
1.145802010286092383e+02
1.145763350229825193e+02
1.145352608765246032e+02
1.144973521683228199e+02
1.144852939489509822e+02
1.145094896790481869e+02
1.144767252431374800e+02
1.144300540905471024e+02
1.143978576833357863e+02
1.144229660918766172e+02
1.144263367005724348e+02
1.143788255598963985e+02
1.143410495407849226e+02
1.143507692887515503e+02
1.143670306736358384e+02
1.143237830507231365e+02
1.142709662957893926e+02
1.142720018314129504e+02
1.142792908560594327e+02
1.142666550921490511e+02
1.142081259696546454e+02
1.141975126035335677e+02
1.142042594596470764e+02
1.141895193817516514e+02
1.141289148230989667e+02
1.140970782769178271e+02
1.141069497622739846e+02
1.141279672384975470e+02
1.141111384716529358e+02
1.140693223253459081e+02
1.140722851917280138e+02
1.140927201293231974e+02
1.140804380525560333e+02
1.140174044547235326e+02
1.139993507536522088e+02
1.140273439163441509e+02
1.140397152315256761e+02
1.139851695452231013e+02
1.139586304315016889e+02
1.139527214939497242e+02
1.139767004858889266e+02
1.139650925704531375e+02
1.139269767367589310e+02
1.139331971095868283e+02
1.139722191220554919e+02
1.139667251363638911e+02
1.139232219028855724e+02
1.139004895853540660e+02
1.139137200020732195e+02
1.139328033641660625e+02
1.139141663252521539e+02
1.138695240963681954e+02
1.138741802313759592e+02
1.139022504740077153e+02
1.139152344232058027e+02
1.138882607677989824e+02
1.138574151808588510e+02
1.138618823265249489e+02
1.138802340844702030e+02
1.138721273640410061e+02
1.138295157345316539e+02
1.138120822982796483e+02
1.138269637734796902e+02
1.138452017611625706e+02
1.138479591333502015e+02
1.138066018216648416e+02
1.137802722862314084e+02
1.137940354982432893e+02
1.138210070980013597e+02
1.138116287118098171e+02
1.137540708539213625e+02
1.137449599562070119e+02
1.137700770625182827e+02
1.137713565326613292e+02
1.137529457565404698e+02
1.137176404652719413e+02
1.137088755229963510e+02
1.137285382335457484e+02
1.137239390507973553e+02
1.137024927960920735e+02
1.137005609904629893e+02
1.137415119746345056e+02
1.137548342487639559e+02
1.137397027622624677e+02
1.137017919998675524e+02
1.137028764557313849e+02
1.137496996251451549e+02
1.137640847097483316e+02
1.137330511012395959e+02
1.136961606704750523e+02
4.939500954152443057e+01
4.952921578384976442e+01
4.968000233263010301e+01
4.888278466124120314e+01
4.903841314066094270e+01
4.917135505449066812e+01
4.932249961265683424e+01
4.942717529049720326e+01
4.956688592904594515e+01
4.973517716919970866e+01
4.983510772112501286e+01
4.993566015163503380e+01
5.004807748022294334e+01
5.020677205950006794e+01
5.029387795104235437e+01
5.039051619008795768e+01
5.039709439730297191e+01
5.035972329132485470e+01
5.028297402741313249e+01
5.016155491814425460e+01
5.007204651226245318e+01
5.003558934538615688e+01
4.996251839845812270e+01
4.990398445020832696e+01
4.979936382749613699e+01
4.972111015140263390e+01
5.051984534088177270e+01
5.038774693972390395e+01
5.024258489896352842e+01
5.018308312265081383e+01
5.007377951653673875e+01
4.996739658628953151e+01
4.986190872951177511e+01
4.979567084186831494e+01
4.975157276297643705e+01
4.969928337632102000e+01
4.958406729308514826e+01
4.951189622270278790e+01
4.943701794274506511e+01
4.937832896081155098e+01
4.933875167607136092e+01
4.921217176601393106e+01
4.914608091527192357e+01
4.909937005319680026e+01
4.907195638372238733e+01
4.900988413717121261e+01
4.892239836999559088e+01
4.888298290919424005e+01
4.884985234073467808e+01
4.884075380394431676e+01
4.876020512844124966e+01
4.867076601663968205e+01
4.863593148678773304e+01
4.861016667560755167e+01
4.860094291905024022e+01
4.852039282775989193e+01
4.843000943495272992e+01
4.835038678960660974e+01
4.832003476609529713e+01
4.831391144096589585e+01
4.825129752595804433e+01
4.817937619650951575e+01
4.815495150016123205e+01
4.815476022350780028e+01
4.812895939598944750e+01
4.810201225249644352e+01
4.809483923048079390e+01
4.809548679068910104e+01
4.809404457516708220e+01
4.808919819153702946e+01
4.805494055110991525e+01
4.804450948416472045e+01
4.797348071686764825e+01
4.786216808474083706e+01
4.779778372860801738e+01
4.773389118730011660e+01
4.768658346606701315e+01
4.756336038896608187e+01
4.749167236109770585e+01
4.742873218567790161e+01
4.737344198638177062e+01
4.725676969210173439e+01
4.716188647611970453e+01
4.709338552224871677e+01
4.705841270663135845e+01
4.699213056178938785e+01
4.688690718720054207e+01
4.681752526658173963e+01
4.676556561698038195e+01
4.669290233890297515e+01
4.657709579297837621e+01
4.651753418826261566e+01
4.646515450013153270e+01
4.643121854048051489e+01
4.630785923834450557e+01
4.622549188838436152e+01
4.614860971708372972e+01
4.610936878375624559e+01
4.605200936713151094e+01
4.596513782102254453e+01
4.592086965699283496e+01
4.586887343714430187e+01
4.583353039357788106e+01
4.572868561396970932e+01
4.568099118123206637e+01
4.562311204425663647e+01
4.560216241550221383e+01
4.551953721949710996e+01
4.543634512401483505e+01
4.538165565820902714e+01
4.535471838764988206e+01
4.530551783490191298e+01
4.520108757936673527e+01
4.515687312180697432e+01
4.510898300471225042e+01
4.508336810960499719e+01
4.496971860259986187e+01
4.489778058127626537e+01
4.484728791307860263e+01
4.482013432119914853e+01
4.475117691146072474e+01
4.466258903424888160e+01
4.461507902178926344e+01
4.459715375081950128e+01
4.456141640983981489e+01
4.444372543455329350e+01
4.439002276358382915e+01
4.435648664499825600e+01
4.434141094623876000e+01
4.422875873879949893e+01
4.416118349493858375e+01
4.411072494120246290e+01
4.408358022856864267e+01
4.402048138425775647e+01
4.394037144922612015e+01
4.390270657414474442e+01
4.386410665447358070e+01
4.382089426518805908e+01
4.374217000165326397e+01
4.369627319452447267e+01
4.367627471032152897e+01
4.365683902532914828e+01
4.357145144039109397e+01
4.351274815514251770e+01
4.346553723273286352e+01
4.344819111062334116e+01
4.338628152830654727e+01
4.330086531501419245e+01
4.326834144267078841e+01
4.325124431201848552e+01
4.317670064480652314e+01
4.309555369566687233e+01
4.306151868571661367e+01
4.305795222366823083e+01
4.302449628143399707e+01
4.293805253691635215e+01
4.291040594077099257e+01
4.290065642218591790e+01
4.286165631863009651e+01
4.277740643231864937e+01
4.271380794593996200e+01
4.271579964487364833e+01
4.269372097226332841e+01
4.262020004867385126e+01
4.259088492120247338e+01
4.255254869097901604e+01
4.253789783589322582e+01
4.246248035670664933e+01
4.241679377707118448e+01
4.240047769496672458e+01
4.239889022052796008e+01
4.232512696872369418e+01
4.226988310605725729e+01
4.223545277205577975e+01
4.223399465056433399e+01
4.217933905311453202e+01
4.211376167380022650e+01
4.208863340728085234e+01
4.209670622750055458e+01
4.207079562102569525e+01
4.200307843912258932e+01
4.197627390375747325e+01
4.196695963790715922e+01
4.194971748636184117e+01
4.188512842799411828e+01
4.184551025115337808e+01
4.182849799633935106e+01
4.183057010528546726e+01
4.178044611993177426e+01
4.173067611116570674e+01
4.169957626161109232e+01
4.169136547048544372e+01
4.164207394256501971e+01
4.160651109791815827e+01
4.159418020199646548e+01
4.159882663620646781e+01
4.153707463327252469e+01
4.152111236555831653e+01
4.154196683619811381e+01
4.154256528776552670e+01
4.149033184254053452e+01
4.146124180057611142e+01
4.147076990795258666e+01
4.147383966054542270e+01
4.143875381326456164e+01
4.141190556332193040e+01
4.142577147412401217e+01
4.144658535964320834e+01
4.141237156038797451e+01
4.136432935838314506e+01
4.137161265401780241e+01
4.139148289047706442e+01
4.138535750552676973e+01
4.134038233449053479e+01
4.133532082243667105e+01
4.136383926845603298e+01
4.136100379391629644e+01
4.131307887911526677e+01
4.129478232865699994e+01
4.132071662706979254e+01
4.134036957809492918e+01
4.130154617949225582e+01
4.125976502624841658e+01
4.126464982201269294e+01
4.131390259750764216e+01
4.131547210951924853e+01
4.128974805134443926e+01
4.128165388461398067e+01
4.130826607481552770e+01
4.132477233833636632e+01
4.131688581819284423e+01
4.128797788487391074e+01
4.129714780041965128e+01
4.132968961347508241e+01
4.132709837507022144e+01
4.131881541310972494e+01
4.132413730023250764e+01
4.136081456142951396e+01
4.135908229880235609e+01
4.133689750810958685e+01
4.132834014425106517e+01
4.137377963289892335e+01
4.139119507162970990e+01
4.137157528040736310e+01
4.137244856645079238e+01
8.062875609675332100e+01
8.053582640806149584e+01
8.032431446308909528e+01
8.019078334128214181e+01
7.999794704297571002e+01
7.985819956442171019e+01
7.965418680966767795e+01
7.949666592542438082e+01
7.932522439039340156e+01
7.916065776816469679e+01
7.903016907263018709e+01
7.886268893473121011e+01
7.868530068420230350e+01
7.851032295284898055e+01
7.834481087047680603e+01
7.814445675907384725e+01
7.794271562521382180e+01
7.777233751139318940e+01
7.760237376693608269e+01
7.744878609633224187e+01
7.726230473322583236e+01
7.709008966028837051e+01
7.693166872453321048e+01
7.676835089747275731e+01
7.662923909723861016e+01
7.644808004139486002e+01
7.633946827071785890e+01
7.613431689788399126e+01
7.600282629425677783e+01
7.577000582697796460e+01
7.565598203421795631e+01
7.545578922813305667e+01
7.532125265065364772e+01
7.514033336368788696e+01
7.496131927158575081e+01
7.481849382098280898e+01
7.461969647678211004e+01
7.441402324469756024e+01
7.426849934980644719e+01
7.409057446230515609e+01
7.392499482988327486e+01
7.374222078064120467e+01
7.358542788305661020e+01
7.342355404835062416e+01
7.324707243921085364e+01
7.309864874252259881e+01
7.292756312303689015e+01
7.280743613683645776e+01
7.259942088958213446e+01
7.245461622344417663e+01
7.224980508712508254e+01
7.214665199534908879e+01
7.193314923923131232e+01
7.179986843522581808e+01
7.160272648362781922e+01
7.146122215857648996e+01
7.126911836630421249e+01
7.115266794214920765e+01
7.094692862898949670e+01
7.083849052803263646e+01
7.062246922382058756e+01
7.046919000957839785e+01
7.024882850350965668e+01
7.015344001750527525e+01
6.997968306786437154e+01
6.987506718484183921e+01
6.972569067326158176e+01
6.961591087038418380e+01
6.949822603597755233e+01
6.933274010067253812e+01
