5.550811618098179523e-03
6.843013409335063461e-03
1.213894398684142381e-02
1.133315619688514582e-02
1.429446416323782061e-02
1.416566436851588763e-02
5.663141961148045710e-03
8.740412998166089201e-03
1.359343090500782746e-02
1.034993253151525287e-02
9.271102348315149108e-03
1.155992920246907106e-02
1.112064530965538832e-02
9.922008459094295088e-03
1.026112338670026949e-02
1.276434090162076491e-02
1.152217993156529063e-02
1.582608614108434342e+00
1.537029425716225139e+00
1.430521272784835096e+00
1.258060010509368443e+00
1.027311312404499688e+00
8.106947917151809957e-01
6.421086742529275027e-01
5.233545078804378026e-01
1.880480832699864102e+00
1.943660936751060164e-01
5.219903006357914932e-02
2.614143539806618732e-01
4.602607069666908024e-01
6.708297353997773049e-01
8.644935437395704358e-01
1.087078249827022169e+00
1.278196412855721054e+00
1.448369096589006699e-01
1.928101805407270164e-01
3.509151513649481635e-01
1.042691997556678185e+00
8.620732870474790976e-01
6.428471901943572098e-01
1.981849748964326308e+00
2.691179966008070967e-01
1.378062260910201953e-01
1.194422255559440538e-01
2.208639697600137675e-01
3.959705077896835124e-01
5.379428886002552979e-01
6.943724950349723368e-01
8.109871126451363432e-01
9.652801638040170440e-01
1.123092047175921815e+00
1.303463755223942311e+00
1.433050954026832802e+00
1.490200125153347543e-01
2.447375572628560092e-01
4.213949543172093026e-01
5.622438768120731067e-01
8.187612268438805296e-01
6.585947879330821264e-01
2.091680362439118923e+00
1.940655401135909619e+00
1.752602538744879812e+00
1.576860816494642714e+00
1.393832851161151298e+00
1.228031445831817337e+00
5.777697539009237770e-01
9.121736221655207810e-01
7.187646073143491021e-01
5.564047016128559342e-01
3.965738670401126043e-01
2.411000107996053299e-01
1.416894609379133751e-01
2.390769751177183045e-01
3.972986310072231242e-01
1.101566865057075351e+00
9.361448393405099599e-01
7.824888584221389998e-01
6.426377338753581636e-01
4.899717339537796867e-01
1.807406495795824020e+00
1.661744539838966972e+00
1.492111255118118374e+00
1.364380286128396902e+00
3.935733659877932999e-01
4.837098657013013114e-01
6.289420871601302254e-01
7.639232563613523874e-01
6.505598255074261926e-01
5.417489425513576373e-01
4.265374888194588543e-01
3.332845182368208703e-01
2.414928232609857561e-01
1.960920930829856690e-01
1.417444731064901875e+00
1.279912060376944716e+00
1.171113647275469072e+00
1.009311976136284539e+00
8.862154782401447939e-01
7.484154021975742976e-01
6.075346810521599084e-01
4.584981998356255639e-01
3.136322765488758213e-01
1.650572103528478829e+00
1.475472725346044678e+00
1.294042373882597907e+00
4.795242157674664552e-01
6.157882250691442128e-01
7.729737544607292454e-01
8.931972654125761579e-01
1.059305393147114804e+00
1.208659612245388981e+00
1.388399760422284634e+00
1.540420717756901148e+00
3.309931708617799284e-01
4.022385957746320018e-01
5.637367470546480464e-01
7.439788312681342441e-01
8.264316419102927247e-01
6.696784303332733446e-01
5.209273095942995591e-01
4.057880244415210669e-01
2.978487732116085751e-01
2.579181442897487408e-01
3.437811443072923412e-01
1.236868399857407264e+00
1.067585019754963449e+00
8.788706931842148462e-01
7.330529806348429211e-01
5.757062643243866518e-01
4.467472084582321812e-01
3.178408116598494537e-01
2.989643995448093561e-01
4.069342245314970241e-01
5.297655605426548897e-01
1.024291432063532126e+00
7.943267935798505874e-01
9.888527712401987690e-01
5.504717491347095315e-01
3.899786825684146141e-01
2.995705812250122335e-01
1.519340704608714399e+00
3.882116201651599208e-01
1.182952012837726663e+00
1.021495570730187596e+00
8.456702757002009241e-01
6.916348392627236219e-01
5.456666635128568643e-01
4.035985451927810441e-01
1.685008325036260857e+00
1.520488400089541781e+00
1.362759021430223649e+00
1.146190671633380509e+00
9.879662371629273077e-01
8.030709834000494540e-01
6.568579457955617817e-01
5.037385445807357476e-01
4.209180091558917258e-01
4.157804023694451345e-01
4.497802195082284404e-01
5.150461356405957591e-01
6.338689691167168627e-01
7.979735538525999372e-01
8.639295245362582643e-01
6.650163382299650872e-01
5.414589105065888974e-01
4.278834227297518278e-01
3.969419403413727010e-01
1.833140668132374085e+00
1.978341040311138332e+00
2.169583770265634204e+00
2.340049271600342262e+00
2.524875187556981260e+00
2.657379386664676435e+00
5.166348555770003959e-01
4.483850824834418880e-01
4.112764582592095541e-01
4.436099222607077230e-01
5.691670169566114268e-01
1.078893388139997356e+00
9.387314283830512363e-01
7.530481389038222728e-01
6.249235625216169598e-01
4.743836194071376910e-01
4.044930134096746399e-01
4.055070840576109892e-01
4.583463407629698172e-01
5.932724675135582215e-01
7.392310150016424553e-01
8.956679519374475262e-01
1.031881024678654724e+00
1.208194639819826000e+00
1.368895991960296543e+00
1.560097990363344067e+00
4.200726935534185857e-01
1.861327151978020122e+00
2.052452982720345265e+00
2.205949196568621762e+00
8.825557010111373391e-01
1.023118951152793166e+00
1.232862252809943993e+00
1.407381731359256705e+00
3.188144278906910323e+00
3.323206514218505436e+00
1.974113707124531603e+00
2.125962945540353477e+00
7.850501693749625254e-01
2.468664774019724728e+00
2.692090756631829063e+00
1.323619988535235770e+00
1.524675929631723825e+00
3.281178040339132629e+00
1.899718166735271607e+00
6.097684776212074498e-01
7.529584600300964770e-01
8.647324821932185213e-01
1.021864327622896917e+00
6.875552935694102530e-01
5.586528536714810977e-01
1.707426841664007489e+00
3.072169766929984114e+00
2.881790484830756061e+00
2.651624630832693175e+00
2.447842499416099660e+00
2.189272626208420114e+00
1.993524802129952311e+00
5.239836217533557772e-01
1.585998812173714745e+00
1.361451699376085234e+00
1.157336136569026674e+00
9.548689394593953272e-01
7.861380421670444152e-01
6.741745751243028995e-01
5.673643519877180630e-01
5.075855331074152765e-01
5.571472996444847281e-01
7.005618826414731215e-01
8.625914932012731517e-01
1.006879725500418488e+00
1.189333130880543044e+00
1.412586988753386619e+00
5.300102889711463261e-01
5.080529351920795023e-01
6.113327366470545643e-01
7.753947198137771668e-01
9.229112227155980008e-01
1.061447423788145272e+00
1.252417607219626250e+00
1.459803627663825987e+00
1.611937290385825783e+00
1.420033851249377088e+00
1.216540920653198299e+00
1.046756098216928388e+00
8.242226271930543913e-01
6.876518762125173323e-01
5.950160297698102729e-01
5.838109008936702704e-01
6.221492399347452462e-01
7.342015894541296106e-01
9.282675862773563935e-01
1.086503833875458680e+00
1.301216720130989879e+00
1.503252389087711416e+00
1.735843946540152283e+00
7.288105900559503914e-01
8.297205607561389806e-01
9.848216363305304366e-01
1.185744756653596355e+00
8.017911732685636395e-01
6.772318448754371945e-01
1.650424284168162670e+00
1.462979487005216406e+00
1.274729822933600820e+00
8.489101303514948738e-01
2.530780694301472789e+00
2.744641791694272914e+00
2.975497502616748058e+00
3.153371919983468441e+00
3.376847258670523821e+00
3.560522377628591251e+00
3.771652457631329280e+00
9.636929607749453730e-01
1.166252233815785022e+00
1.336913699422085378e+00
1.549689365019955467e+00
1.753297033802385219e+00
1.985533071342700406e+00
2.173461907391274650e+00
1.017033915250129983e+00
1.142624875394433914e+00
1.338074898371192534e+00
7.768628335538196872e-01
1.778246329263937220e+00
1.610031676798016287e+00
1.433737371802189964e+00
1.251237226129680025e+00
1.056096770205430468e+00
9.068523972214518336e-01
7.989911430393517033e-01
7.140049888200088457e-01
7.229802998014384086e-01
8.381658825987184924e-01
9.606077796644579836e-01
1.092015875740573350e+00
1.242350700129029928e+00
1.472151153627565989e+00
1.658331723798354806e+00
1.861534839449900725e+00
2.079727739128401698e+00
2.282365791681822742e+00
2.518874365115718827e+00
2.704812322570075089e+00
2.968260939941787857e+00
3.151819010103327656e+00
3.380231303732748493e+00
3.551623881360170376e+00
3.827339602403299512e+00
4.041131499447747188e+00
2.668382339582090701e+00
2.853137658250655573e+00
1.670814013248038465e+00
1.869674139077425190e+00
2.029674593066702393e+00
2.250643953418901777e+00
2.487574829124949982e+00
2.661591370207811114e+00
1.415500789403239645e+00
1.623005097055451040e+00
1.823925562177067361e+00
1.978180206290550691e+00
9.568021209504303792e-01
1.088844975417327277e+00
1.234087511689026195e+00
1.393628058242246448e+00
1.611178056764109856e+00
1.778861915001963334e+00
1.977101006359334168e+00
2.188093379126610838e+00
2.402241209825347390e+00
1.234592817353016736e+00
1.350823802500292103e+00
1.537760495445779751e+00
9.031044848972805683e-01
9.159747999878644631e-01
9.915123561198893043e-01
1.186771023045020579e+00
1.304367569444012886e+00
1.422738395252986399e+00
1.515267501675060746e+00
1.652545743703454750e+00
7.551950966705547330e-01
8.455571618620805197e-01
9.610760880502473569e-01
1.087219838895325363e+00
1.246096357535368293e+00
1.398436445922953464e+00
1.553953957794859786e+00
1.723190334244068422e+00
1.885109104352062692e+00
2.045706116387642215e+00
8.464054759172504605e-01
9.318456405689719002e-01
1.080927445530119213e+00
1.210856595623887921e+00
1.352250192717855626e+00
1.475704943398816527e+00
1.634954425798866628e+00
1.769151251043141970e+00
1.948261203096957717e+00
2.071676449827408728e+00
2.262487082850732190e+00
1.002338801276643654e+00
1.137466688295798445e+00
1.243264669435305114e+00
8.427296060223606888e-01
7.846122412259567414e-01
1.690243714225230010e+00
1.805568651934154056e+00
1.963074666442080840e+00
8.466962861339621949e-01
9.469976806883918519e-01
1.023118506603780675e+00
1.137199163329595697e+00
1.284975873084270637e+00
8.783329671658616222e-01
7.837056681624302579e-01
7.511760733415813185e-01
7.677383853343980880e-01
7.826948596273354264e-01
8.188980180152840571e-01
1.324263724531046682e+00
1.222208882639725047e+00
1.141822394763251092e+00
1.043992553046972915e+00
9.311944430260107319e-01
8.893093307635667744e-01
1.479529709071707444e+00
1.580614690325369942e+00
7.922089076019432907e-01
7.865030279718192574e-01
8.004598172204372419e-01
8.762062775601989761e-01
9.619585038021141177e-01
1.064300537262773183e+00
1.168245942040839758e+00
1.257999689645790120e+00
9.040574830803089768e-01
8.431126587486375001e-01
7.896991266341485405e-01
7.816436212852613252e-01
8.141224147260925914e-01
8.895302184883622232e-01
9.628206795836748988e-01
1.043583486932931459e+00
1.094573707608616830e+00
9.932946213415007053e-01
9.268148448535513673e-01
8.439441542068049085e-01
7.717242188662883917e-01
7.649866098279085591e-01
8.301193017781769434e-01
8.742082753357455216e-01
9.449976780468820614e-01
9.968948520391570645e-01
1.103196399317868615e+00
1.243410308197994585e+00
1.368802358461839397e+00
8.677006571261306478e-01
8.183351950833177568e-01
8.237359894256829351e-01
8.405226952554295528e-01
8.845949993127953936e-01
9.392920790519881935e-01
1.078575565041481887e+00
1.196938377072336968e+00
1.337096323566786982e+00
1.457513937192788100e+00
1.575402636032301018e+00
1.746177908784480870e+00
1.872945038005506380e+00
2.040173615181003708e+00
2.152202605213995312e+00
2.299274740443687293e+00
2.455600884796540040e+00
2.618781647913813071e+00
2.783705268710085612e+00
2.891485213013865962e+00
3.061657472527884671e+00
3.202717357894350858e+00
3.409754870846946950e+00
3.540890162006749886e+00
3.698588773085292214e+00
3.875188730703250872e+00
4.040436608288019649e+00
4.207995532779062131e+00
4.309498064249534188e+00
4.515597074127807531e+00
4.650288765840454808e+00
4.826124009156110617e+00
4.959693489213777617e+00
5.119852905553461397e+00
5.303499887573114080e+00
5.438952254300149391e+00
5.626198558953468876e+00
5.737746552743756112e+00
5.914124022321134433e+00
6.076824451837312679e+00
6.242362757096763026e+00
6.404580577484630943e+00
6.538443805257085018e+00
6.734938756358420875e+00
6.870396292537652272e+00
7.068488734982085298e+00
7.189427633572756271e+00
7.371504862498864163e+00
7.543675919683734854e+00
7.725085558929979612e+00
7.897413523080611064e+00
8.044641193393832879e+00
8.227710312839590756e+00
8.360305030533355719e+00
8.524815788412935191e+00
8.644270042959574241e+00
8.811987220380411046e+00
8.982561758434336241e+00
1.860967720562271310e+01
1.877640843810753779e+01
1.891053146950410380e+01
1.910321605216872598e+01
1.925876151185283547e+01
1.946642464192991184e+01
1.960761942676624514e+01
1.980037902051525833e+01
1.995288592344352452e+01
2.017486794033999331e+01
2.034127714693893196e+01
2.050540889438826753e+01
2.064769951428996819e+01
2.086233335184783400e+01
2.103012735347822471e+01
2.120990916151541583e+01
2.137395275558607466e+01
2.155149386741602413e+01
2.173213235305961533e+01
2.189783180029174048e+01
2.210274131534990616e+01
2.225508354954884638e+01
2.244201375482376193e+01
2.257816970228929065e+01
2.278039024616939656e+01
2.293357136156348730e+01
2.311991111498441498e+01
2.328979831916474197e+01
2.344884782215020280e+01
2.365188458989458553e+01
2.382843881454445878e+01
2.402985680869080554e+01
2.418987183122494855e+01
2.438057149056011852e+01
2.453443063054272599e+01
2.472276700799756100e+01
2.484542716039436527e+01
2.502154895760665454e+01
2.521781099485721356e+01
2.541807600901870146e+01
2.560506908468142129e+01
3.674510039632155411e+01
3.693644720642844703e+01
3.707685408616207212e+01
3.728953170308320608e+01
3.742305689909322552e+01
3.763210584524223634e+01
3.778465390585476769e+01
3.797317003196459950e+01
3.814647877266953913e+01
3.828621653645944889e+01
3.847896183292139227e+01
3.862093123349617230e+01
3.880369485446313149e+01
3.894646624549496039e+01
3.914184138172588234e+01
3.930827966136707374e+01
3.948881277619650376e+01
3.964581813966102430e+01
3.982666827876963822e+01
3.998930655178570959e+01
4.014635082836105795e+01
4.033601355507749275e+01
4.046590337686895822e+01
4.065085329260963221e+01
4.080838894691961372e+01
4.099487883743787364e+01
4.114916787330609793e+01
4.130598317232676919e+01
4.146196472356905360e+01
4.157875225955974940e+01
4.177259544021085702e+01
4.189311147676566094e+01
4.204823680527859153e+01
4.222032289466248756e+01
4.236145595117886131e+01
4.252257872078335765e+01
4.263822385631688405e+01
4.280592478850946492e+01
4.296114951795789239e+01
4.313112123459390546e+01
4.328101236267131213e+01
4.340545217858854699e+01
4.359198109318557357e+01
4.373336062580919759e+01
5.637505910763667316e+01
5.651814527108670916e+01
5.664668435217112119e+01
5.681971103336969264e+01
5.696140864880417354e+01
5.713104197083091407e+01
5.725090370552125307e+01
5.738268085277495345e+01
5.752952274884984973e+01
5.768123132633145644e+01
5.786748680373820974e+01
5.798394158764413220e+01
5.813960968874629032e+01
5.828812707474789789e+01
5.846649834351135411e+01
5.862524593525322558e+01
5.874041867482569046e+01
5.892643744811243067e+01
5.906553102289775126e+01
5.926960317388829225e+01
5.941220042633628395e+01
5.956277255259448822e+01
5.973322965508386773e+01
5.987613312897549633e+01
5.864143355820636572e+01
5.873623949860520099e+01
5.885600719199116071e+01
5.898158455922356325e+01
5.908219726322989374e+01
5.922540336983890086e+01
5.934314308278658956e+01
5.939075809107871606e+01
5.951408175871392814e+01
5.963875923129936751e+01
5.975706308638741859e+01
5.993595639445003798e+01
6.004725843275424069e+01
6.020249071311907585e+01
6.033920244944589939e+01
6.049446464129613332e+01
6.065929150018667571e+01
6.079691599871095775e+01
6.097782648344317380e+01
6.111044678109281136e+01
6.130803342432507463e+01
6.143861122232175376e+01
6.159449662064771758e+01
6.176670590977558817e+01
6.194084473736581486e+01
6.213043248860729051e+01
6.224498044198757896e+01
6.239906890709342946e+01
6.252657348848862284e+01
6.270500583236654535e+01
6.286563335241181250e+01
6.301115129829143058e+01
6.317655526961026879e+01
6.332375573490500642e+01
6.351165086016598593e+01
6.365054727231238019e+01
6.380350460708120863e+01
6.396363332033973848e+01
6.412869583269798568e+01
6.429662845974269203e+01
6.441690698232062573e+01
6.459236421760178359e+01
6.472931123183614943e+01
6.491784139229083905e+01
6.504654527606503223e+01
6.520889415865050864e+01
6.538069654513311946e+01
6.553174405391040125e+01
6.572108846813230798e+01
6.585121528042385819e+01
6.602212717722784419e+01
6.614501815561347087e+01
6.632897369021048917e+01
6.648831997260188587e+01
6.663116487952487432e+01
6.678718724028064457e+01
6.692806972508131480e+01
8.469155969885446211e+01
8.483259338512269210e+01
8.500787489445160361e+01
8.513685780546252602e+01
8.529228574587121159e+01
8.543998955704397247e+01
8.555739025034355905e+01
8.572045417313340465e+01
8.586114196635850249e+01
8.604030440421989567e+01
8.615699379388003365e+01
8.628955898423697590e+01
8.643304798690751056e+01
8.656575146881306182e+01
8.674362401866737571e+01
8.687940005024290713e+01
8.704257120216982457e+01
8.720164305976814489e+01
8.738462146834055488e+01
8.753903456376208680e+01
8.767406795933199248e+01
8.784084326800152098e+01
8.796782889977097852e+01
8.812930845937232505e+01
8.826376629445984179e+01
8.840680165459127693e+01
8.855745955825319982e+01
8.869932959555809759e+01
8.890473042152450489e+01
8.903802996594305341e+01
8.917847978713196255e+01
8.934497787858592233e+01
8.948591970384462968e+01
8.966300861023161417e+01
8.976522920588763554e+01
8.991630268315385877e+01
9.007427781787070842e+01
9.019473467488064955e+01
9.036412610219744579e+01
9.048930124820564913e+01
9.062955665666440552e+01
9.076503686385622416e+01
9.089931810642994492e+01
9.107122607629308675e+01
9.117303492146251642e+01
9.132906357259436447e+01
9.146478334721859937e+01
9.163101853269333219e+01
9.180610148575334506e+01
9.190723778058703886e+01
9.208074721569667531e+01
9.218135990333971108e+01
9.232453033763889039e+01
9.249781719335085484e+01
9.260176748351808840e+01
9.277227127706507304e+01
9.290468691031419723e+01
9.312448681895757829e+01
1.138977870717633181e+02
1.140584226476496781e+02
1.141967894579273661e+02
1.143712241539591190e+02
1.145268130464462217e+02
1.146600036857762319e+02
1.148452157398714348e+02
1.149609056663526303e+02
1.151451314744299168e+02
1.152672030168338324e+02
1.154497702894337579e+02
1.155645612510923570e+02
1.157509125410867767e+02
1.159094946819174510e+02
1.160308855920328028e+02
1.162063114778359818e+02
1.163385826103535265e+02
1.165347818914893594e+02
1.166678561024201599e+02
1.168660454992781865e+02
1.169937454813902349e+02
1.171815724722288650e+02
1.172779608165509160e+02
1.174373816660993981e+02
1.175729059154775626e+02
1.177316375771694084e+02
1.178759877266965503e+02
1.180037805483493685e+02
1.181622916075045708e+02
1.182840233140593256e+02
1.184931412549098582e+02
1.186000196281522108e+02
1.187463317083713292e+02
1.188572776877641957e+02
1.190188371090678743e+02
1.192009700001704005e+02
1.193243744094770733e+02
1.195118889116422167e+02
1.196315342060329385e+02
1.198335218384855949e+02
1.199659444157998536e+02
1.201360450421742740e+02
1.202629278651488960e+02
1.203253575148916212e+02
1.203335845239127053e+02
1.202654779925493500e+02
1.201912345842539054e+02
1.202162246232443579e+02
1.202021160870585419e+02
1.201062695540993275e+02
1.200257563987415210e+02
1.199823443845320412e+02
1.199551656934173423e+02
1.198596703764649334e+02
1.197924455967930442e+02
1.197737358874984466e+02
1.197579199103938095e+02
1.196995769073773914e+02
1.196243810665649789e+02
1.195800142020235626e+02
1.195575788455939090e+02
1.195174101165807912e+02
1.194238159636913679e+02
1.193741559005786996e+02
1.193428924598928802e+02
1.193139833148628242e+02
1.192362814851944393e+02
1.191650548687724722e+02
1.191196997544770539e+02
1.191127370329229223e+02
1.190606565706816440e+02
1.189816512126936203e+02
1.189150216269536884e+02
1.188813367003521790e+02
1.188441413357291339e+02
1.187620698884140467e+02
1.187109778207805277e+02
1.186863232416040006e+02
1.186605659061219882e+02
1.185800648391457344e+02
1.185262084718213771e+02
1.184996045961321727e+02
1.184671828803039517e+02
1.183768258668683444e+02
1.183254080368451042e+02
1.182969565991168821e+02
1.182640180969134036e+02
1.181854197150867378e+02
1.181182123295334634e+02
1.180868594247849472e+02
1.180789044243812782e+02
1.180502691340046226e+02
1.179651109605476762e+02
1.178873983529991705e+02
1.178641603405504270e+02
1.178555266706926830e+02
1.177471399256180860e+02
1.176772257111624072e+02
1.176571482701988742e+02
1.176474974676760894e+02
1.175806678751142016e+02
1.175075027144934126e+02
1.174764783080896962e+02
1.174520772797889094e+02
1.173955990588330991e+02
1.173349438108764531e+02
1.172877800454736814e+02
1.172398935151818335e+02
1.171744827703897727e+02
1.171306169192486664e+02
1.171110159734173664e+02
1.171040633244748221e+02
1.170202955790247188e+02
1.169733573419096473e+02
1.169422612203980236e+02
1.169443277739580083e+02
1.169034335554689505e+02
1.168329856245600809e+02
1.167946263314830588e+02
1.167898957556447357e+02
1.167715342040271480e+02
1.166875171350136924e+02
1.166652112600526010e+02
1.166399970632246976e+02
1.166333634729754181e+02
1.165696614588591160e+02
1.165057193875161659e+02
1.165049473456456184e+02
1.165136249969503410e+02
1.164918040674446758e+02
1.164141491226589125e+02
1.163787068139899361e+02
1.163705940253745581e+02
1.163591549780704213e+02
1.162990627142481941e+02
1.162234354325274381e+02
1.162076622145696518e+02
1.162147213671824773e+02
1.161821109549225071e+02
1.161014042678637566e+02
1.160688972278386046e+02
1.160477383243530340e+02
1.160297316850773655e+02
1.159515509397264310e+02
1.158864558230670667e+02
1.158783507834692443e+02
1.158593487938044717e+02
1.158250653587001011e+02
1.157781169436377837e+02
1.157703380020429762e+02
1.157780094935317976e+02
1.157803606631378273e+02
1.157084812576632515e+02
1.156530410418327932e+02
1.156482837693198036e+02
1.156434492054522565e+02
1.155807507121878501e+02
1.155619040101790631e+02
1.155737273682404123e+02
1.155714952851982389e+02
1.155319730633728597e+02
1.154519202296011429e+02
1.154447910886839850e+02
1.154157101009179911e+02
1.153967348764457626e+02
1.153261111903638891e+02
1.153080763668969126e+02
1.153401592876472392e+02
1.153468887710170350e+02
1.152923260045331801e+02
1.152486643935746713e+02
1.152532976439006518e+02
1.152706453500337034e+02
1.152223094783046520e+02
1.151620317725153058e+02
1.151480430904325516e+02
1.151637534227010775e+02
1.151422188974024579e+02
1.150883159493662902e+02
1.150800942745809152e+02
1.150950447189993184e+02
1.150814205596505957e+02
1.150232268160988269e+02
1.149865085504995648e+02
1.149863375548929412e+02
1.149994716841751767e+02
1.149744373612521855e+02
1.149199494094193881e+02
1.148985139669775606e+02
1.149147345556022231e+02
1.149103354687920415e+02
1.148707508664414974e+02
1.148288546954163394e+02
1.148289455017499989e+02
1.148527552786776198e+02
1.148439259199575702e+02
1.147939993029972925e+02
1.147728220374708883e+02
1.147739286103967373e+02
1.147921886824698419e+02
1.147721460269044655e+02
1.147306786436736985e+02
1.147149822722948329e+02
1.147291478726809117e+02
1.147360817402541784e+02
1.146767222220184692e+02
1.146183535525249084e+02
1.146127397167275035e+02
1.146423209124429548e+02
1.146464327515060972e+02
1.146124146249512137e+02
1.145743935368513462e+02
1.145648799838234169e+02
1.145893395841467139e+02
1.145679217026230958e+02
1.145295567854623471e+02
1.144774708946911232e+02
1.144805767049311811e+02
1.145042479768509054e+02
1.144920415792795438e+02
1.144611203932087449e+02
1.144402755620761667e+02
1.144335969252310292e+02
1.144557475959532695e+02
1.144437461260402955e+02
1.143848468855334914e+02
1.143530096423816360e+02
1.143701486546811026e+02
1.144055243439774330e+02
1.143924685150348495e+02
1.143566361722454161e+02
1.143352562544554303e+02
1.143435272467800274e+02
1.143681811365148775e+02
1.143502675762861713e+02
1.143358934398381450e+02
1.143528924924870154e+02
1.143706295450996322e+02
1.143594030236828587e+02
1.143084363313228664e+02
1.142767857577022568e+02
1.143084799015763764e+02
1.143237573997720062e+02
1.142860763551333463e+02
1.142495358655316551e+02
1.142649333884925511e+02
1.142927102916671913e+02
1.142791012210752086e+02
1.142465025585181166e+02
1.142398747414494977e+02
1.142582520991178683e+02
1.142802232215632472e+02
1.142719713633755418e+02
1.142492623688660984e+02
1.142365267570025793e+02
1.142731394996128245e+02
1.143119606062285243e+02
1.142983742448201809e+02
1.142414279146524905e+02
1.142153316189134102e+02
1.142191959292474763e+02
1.142401044937277845e+02
1.142348606157807751e+02
1.142109730304394191e+02
1.141733487964894493e+02
1.141708713904543089e+02
4.675303829930370370e+01
4.684692704736024638e+01
4.693303407079704215e+01
4.695308657810818431e+01
4.709664180574250736e+01
4.721007558644222257e+01
4.732928908619131647e+01
4.742872741016361005e+01
4.749578090932839558e+01
4.759221516511557581e+01
4.775534436951452477e+01
4.785323019122538568e+01
4.793726093478898065e+01
4.804243912840097863e+01
4.817770691235587321e+01
4.834020653928078559e+01
4.844241918147648818e+01
4.854600140993331081e+01
4.867810683345186362e+01
4.882287770089457268e+01
4.897755803062424462e+01
4.906515243205070220e+01
4.918594665776205233e+01
4.927850065193632645e+01
4.939725780379878017e+01
4.956373885412178737e+01
4.966016594216007718e+01
4.977960927466662611e+01
4.987474264504182031e+01
4.999069920367815456e+01
5.013027245919138153e+01
5.016500950486170751e+01
5.012595476193641275e+01
5.000858420730530440e+01
4.989293399093250514e+01
4.980675136632121536e+01
4.975368150192341687e+01
4.970452334925185767e+01
4.958527626806996125e+01
4.948142026600144305e+01
4.940470325603273238e+01
4.935598275744852970e+01
4.933173594348095747e+01
4.923166361412807390e+01
4.913474295717189477e+01
4.904919458226253681e+01
4.899590302559845156e+01
4.895221475292662916e+01
4.885153259060977859e+01
4.875125858479859176e+01
4.865689769986641267e+01
4.862239954024820321e+01
4.855692556315251807e+01
4.844852607169191572e+01
4.835488115281243893e+01
4.828500094613924176e+01
4.824160636413466108e+01
4.816984347735633776e+01
4.806141958839983630e+01
4.798261675836807427e+01
4.791740142272661984e+01
4.787025372384491106e+01
4.778662252630205387e+01
4.767421908390798535e+01
4.758082729202413930e+01
4.752073992757336640e+01
4.745763695566948570e+01
4.735200340374306194e+01
4.725320462228588525e+01
4.717925260277466748e+01
4.712801967392300639e+01
4.705215271377564790e+01
4.694284421712349342e+01
4.684678936994295384e+01
4.677242131436242545e+01
4.671668004758765846e+01
4.660548505199159308e+01
4.653619834796237598e+01
4.647076813676704887e+01
4.638728551118317966e+01
4.624313119993621513e+01
4.615410821652092466e+01
4.609241432521091042e+01
4.604162392081577337e+01
4.592322171875316883e+01
4.581953757081646472e+01
4.573533815217809462e+01
4.568028607326952084e+01
4.557397195759174480e+01
4.551762282170653862e+01
4.546682720633762642e+01
4.542134670202553792e+01
4.532103072740017780e+01
4.523970425954401975e+01
4.518804860588878114e+01
4.513272112635191746e+01
4.506851361675860801e+01
4.499084666063959048e+01
4.491710463675430987e+01
4.488626296602382837e+01
4.485585887466839949e+01
4.474575785435731490e+01
4.466071256218292262e+01
4.463086548777899054e+01
4.461239276625875050e+01
4.453384060006754197e+01
4.442671343503933201e+01
4.435255371460329599e+01
4.432795825596178219e+01
4.429125492691633781e+01
4.420970897599143967e+01
4.414446969469765492e+01
4.407347347734618381e+01
4.406407986512894581e+01
4.403606648652129962e+01
4.396669140336953774e+01
4.390645968433874913e+01
4.385756241973955838e+01
4.382657512434936109e+01
4.381748570556739963e+01
4.377869804113422703e+01
4.373978539541156607e+01
4.371591947758128072e+01
4.370875247087052173e+01
4.369893332041264244e+01
4.366456358490700040e+01
4.362762833080191882e+01
4.359487672360810961e+01
4.359668072986760734e+01
4.355008720865021843e+01
4.347375093062945695e+01
4.343550150444337277e+01
4.340868552951256731e+01
4.336578445027253537e+01
4.446221955317987096e+01
4.458872606110359271e+01
4.467078702224668518e+01
4.473946332228664602e+01
4.481489426260040432e+01
4.491595765489957870e+01
