1.236666254988616313e-02
1.236666254988616313e-02
1.236666254988616313e-02
1.236666254988616313e-02
1.236666254988616313e-02
1.236666254988616313e-02
1.236666254988616313e-02
1.236666254988616313e-02
1.236666254988616313e-02
1.236666254988616313e-02
1.499315304874712984e+00
1.499315304874712984e+00
1.499315304874712984e+00
1.499315304874712984e+00
1.499315304874712984e+00
1.499315304874712984e+00
1.499315304874712984e+00
1.499315304874712984e+00
1.236666254988616313e-02
1.236666254988616313e-02
1.498200520590110774e+00
1.497543962380420979e+00
1.499601096579796344e+00
1.496320476125670096e+00
1.495148357328691890e+00
1.495789340131064460e+00
1.496407446704946409e+00
1.215569190629509078e-02
1.497838437899208452e+00
1.497371208888561789e+00
1.496440433708061013e+00
1.492633984101897626e+00
1.491454880568128694e+00
1.489087607866540708e+00
1.495263072775696589e+00
1.489452317465486564e+00
1.481018952833783375e+00
1.482046525617696675e+00
1.468354300734765694e+00
1.430957413321701566e+00
1.309636771192679516e+00
1.159542464843446918e+00
9.882944962778568154e-01
8.164051333390133225e-01
6.932605459740962539e-01
6.464626657595122783e-01
6.335518215516694474e-01
6.060944763645997879e-01
5.280068504574915167e-01
3.809205632697691413e-01
2.546488946378653861e-01
9.044828537789090239e-02
3.153250080648500181e-02
1.334328448051141480e+00
1.239244835716494464e+00
1.097546337986543996e+00
9.673178243392038800e-01
8.480953609683952177e-01
7.103030623033148583e-01
6.384018852660950927e-01
5.142288614940532243e-01
4.079690774460087987e-01
2.764677439355271993e-01
1.771900157911754092e-01
1.544921407280548609e+00
1.383674023530020003e+00
1.224732637381051870e+00
1.071654130635454338e+00
9.506650324313883349e-01
7.919661340355798052e-01
6.650807485595353619e-01
4.706532327735127863e-01
3.480022605859269258e-01
2.326936160045434410e-01
1.733010994231038437e-01
1.984726624283018881e-01
3.061357277676244326e-01
4.344714001268512038e-01
6.068337744710191606e-01
7.405378852095455544e-01
9.169186948844005869e-01
1.064644299956430951e+00
1.208127417922745472e+00
1.343124810888927101e+00
1.489711970276372366e+00
1.274155374923789941e-01
2.353332624206136980e-01
3.820193428298009897e-01
4.922081059823738558e-01
6.291969605523307640e-01
7.155880305590552881e-01
8.691910980870791725e-01
1.022486964302579127e+00
1.154252364701118694e+00
1.302436087876280402e+00
1.404662745558522774e+00
2.085341713594375535e-01
3.060980270272162795e-01
3.872742089520138653e-01
4.898605918821860583e-01
5.752842056045380792e-01
7.254612900317325419e-01
8.747082039055518177e-01
1.018508282941150034e+00
1.139013764683161289e+00
1.233371260974855943e+00
1.376330962373589539e+00
2.578140483614635992e-01
2.581553550057816282e-01
3.232128995840118368e-01
4.068646990122893325e-01
5.632688391097965264e-01
9.655538521416267006e-01
8.275077129916903473e-01
7.021402645696536160e-01
6.166951988448619026e-01
5.072674955924438844e-01
4.315160837601811905e-01
3.394525821240279573e-01
2.542741833141813346e-01
2.431318944504170521e-01
2.881177221964725255e-01
1.289746208650166981e+00
1.195391805926481865e+00
1.063248795165378846e+00
9.651601717510894796e-01
8.649094281687020880e-01
7.332605601868223966e-01
6.427152671749392088e-01
5.381525229104764385e-01
4.198625336901367078e-01
3.482695003459747585e-01
2.842087943780296500e-01
3.017287290470938577e-01
1.454115360929811640e+00
1.306262208917049250e+00
1.194222813833710983e+00
1.103865137071992297e+00
9.453153713631960997e-01
8.299029761542685568e-01
6.971357130058163376e-01
5.916444157941503912e-01
4.907863207935100336e-01
3.907470065554489724e-01
3.488220297744380471e-01
3.211419082322571894e-01
3.437359221783556906e-01
3.837054009165790647e-01
4.934485158066642674e-01
5.903018966600198647e-01
6.907640563736425765e-01
7.927178864859241170e-01
8.696312848100898885e-01
9.722581221184493083e-01
1.122787427476467315e+00
1.232817204436813308e+00
1.350025583623326364e+00
1.503181103184888956e+00
3.794666774620786276e-01
4.299151578816386432e-01
5.235791250514065798e-01
5.896199724381159246e-01
7.048066629096580993e-01
8.178685921303366912e-01
8.707605702220841959e-01
9.991162024915078987e-01
1.159893207259535597e+00
1.264945965457340282e+00
3.715347746852044053e-01
3.419703152523212997e-01
3.644578633020837399e-01
4.537720471687041179e-01
5.621860047069896504e-01
6.581863783579333660e-01
7.937335376189246228e-01
8.799807858352758361e-01
9.999011805116191365e-01
6.119014335742128941e-01
5.365122929083195880e-01
4.727411651982620366e-01
4.328618124923104826e-01
4.312881990654201525e-01
1.389252452851399644e+00
1.259315689175366737e+00
1.164796067343032426e+00
1.041013112208284186e+00
9.284569492514990197e-01
8.415724557248482895e-01
7.387509613136247211e-01
6.258330474477112881e-01
5.437344368332476252e-01
4.887882444875142340e-01
4.651526783950853949e-01
4.752572765257490617e-01
5.609469226099548234e-01
6.573613400236106852e-01
7.169298847974044930e-01
7.872393469133704968e-01
8.565524148740926158e-01
9.752594309082660562e-01
1.086018711293506245e+00
1.186104468659941791e+00
1.287426246926681950e+00
1.379176990268051517e+00
1.469053068812875118e+00
1.606151951147163581e+00
4.965696504431719172e-01
5.269784333109033270e-01
5.639791709764436778e-01
1.213888635008576244e+00
1.115647051417809621e+00
1.027884405097465148e+00
9.652606986476782724e-01
8.398474018161690147e-01
7.311635541075588440e-01
6.741342562681225115e-01
6.400100321133032066e-01
6.152884756627799989e-01
5.938974514249032444e-01
5.327353410160337033e-01
4.882282287897535822e-01
1.477544621046166018e+00
1.352530961064062121e+00
1.278958810662398804e+00
1.167364912484613049e+00
1.044984816054892240e+00
9.951242352124716195e-01
8.988906919809597218e-01
8.269147223250972178e-01
7.754953312802574938e-01
6.883828457835824421e-01
5.852015359522276805e-01
5.504376545750377936e-01
5.391563071732089485e-01
5.549310030935630245e-01
5.742948483301737461e-01
1.398175231285867515e+00
1.298388378822121769e+00
1.234820919980808451e+00
1.134125539266513272e+00
1.048229009231121056e+00
9.876046523311569070e-01
8.797564311244113755e-01
7.821226606108930834e-01
7.402703251639146664e-01
6.837883689269945720e-01
6.278532561599329265e-01
6.036548826125567313e-01
5.583936934921739370e-01
5.475596810175817897e-01
5.521940684076299677e-01
5.602689124061395187e-01
6.471188565374983437e-01
7.103237960652410976e-01
7.738896678898404824e-01
8.570496771238894640e-01
8.949979424669414207e-01
9.639020121678810726e-01
7.979532094486134763e-01
7.614262497636157256e-01
7.060412778939596512e-01
6.140264014939957882e-01
5.470055664822647268e-01
5.240813406109946504e-01
5.581620566064224853e-01
5.967219147747472308e-01
6.233317167274342596e-01
6.705142108518613586e-01
1.184248214641672625e+00
1.093294373727800251e+00
1.001274641942552224e+00
9.102698837662797082e-01
7.689803114600761713e-01
7.111443676136792735e-01
6.564801449771634489e-01
6.347909808596613468e-01
6.120315131371789619e-01
5.739785986891094982e-01
5.668266355942023216e-01
5.894781362688930049e-01
1.319417986323288217e+00
1.236074314045699341e+00
8.301051205564946578e-01
9.051167911708780656e-01
9.795013500519107463e-01
1.109702307246101860e+00
1.229998801005041331e+00
1.329404040878948035e+00
1.440710107129672624e+00
1.541098183304792535e+00
1.650124826485271035e+00
6.744725878965711630e-01
7.097512493687943014e-01
7.691272634902328598e-01
1.176333269428786910e+00
1.118352977752376409e+00
1.005049848367243426e+00
9.282236446644247518e-01
8.700335449846112734e-01
7.513314318323840446e-01
6.851503906480644890e-01
6.579097306495185205e-01
6.804367189281105288e-01
7.186529729622409546e-01
1.465836532259692460e+00
1.328833764829491670e+00
1.235057299042366497e+00
1.133291201939297332e+00
1.041314095916636040e+00
9.797872291990905591e-01
8.904773883673344770e-01
8.025681668463244822e-01
7.433997720638052531e-01
7.090097955147722786e-01
7.296981509595864557e-01
7.472362491411647101e-01
7.808380419169977937e-01
1.430780677143855817e+00
1.331686927845607160e+00
1.190842139354688634e+00
1.091585297142560806e+00
9.809374507062549320e-01
8.697669629418034454e-01
8.005754934824620417e-01
7.659359934080739452e-01
7.474401842420468345e-01
7.378372571036960759e-01
7.881990387624712158e-01
9.048610321937854417e-01
9.881357018201061271e-01
1.071420825867900550e+00
1.165632329694352931e+00
9.104625367916514556e-01
8.728792269072745968e-01
8.381682596756263592e-01
7.916501345216706564e-01
7.931887488538039710e-01
8.673343073721844210e-01
1.372317677052784068e+00
1.234979898252755337e+00
1.097495287521245810e+00
9.970532990525670103e-01
9.538078857878948824e-01
9.007900990285568898e-01
8.342633307094021733e-01
8.284223817950380209e-01
8.984549098297547332e-01
9.697026114612886660e-01
1.039333316504542637e+00
1.100361081156020049e+00
1.222244691021815211e+00
1.076956397668364929e+00
1.012067790283189828e+00
9.280730900322182730e-01
9.007692416311682271e-01
9.235223276379375124e-01
9.715102005991609335e-01
9.989830393001772890e-01
1.043322926852806143e+00
1.210109168394932766e+00
1.121020591841844327e+00
1.067714092677175319e+00
9.652708567963848019e-01
9.157103976035019244e-01
9.039433915647937523e-01
9.275438677791227882e-01
9.445516883249569506e-01
9.637762974242489733e-01
9.901535187624214140e-01
1.097540924014207109e+00
1.245117046879779199e+00
1.123021803140660024e+00
1.026050769861639456e+00
9.643389652143784518e-01
9.574800403676029248e-01
9.484156031119416186e-01
9.415097749788516879e-01
9.563073180286593145e-01
1.028660944797984644e+00
1.131826749707568247e+00
1.219932078131192421e+00
1.303951460728487222e+00
1.049138623678556925e+00
1.030003218559167211e+00
9.792348238571280117e-01
9.484560771423670156e-01
9.798136106011470225e-01
1.060092400657944189e+00
1.106841285101797467e+00
1.162065145808918398e+00
1.226284294046390277e+00
1.157242300232376175e+00
1.129519891852625690e+00
1.055706160956032980e+00
1.007082414566566442e+00
1.008436453537867816e+00
1.077926142293273992e+00
1.114341067100821814e+00
1.470157145955158118e+00
1.380786431910444589e+00
1.307555206459457109e+00
1.250503942301438132e+00
1.162366672690589686e+00
1.071892761346233680e+00
1.043353675972574557e+00
1.076905725547795845e+00
1.111372074647607899e+00
1.103371541672729439e+00
1.121655444435860627e+00
1.441466970024134264e+00
1.282388041061869099e+00
1.300568413308460736e+00
1.199138933520963457e+00
1.131564878145626230e+00
1.106812044503062031e+00
1.104949427542468943e+00
1.116839641591620413e+00
1.081209640717839093e+00
1.088226143558740366e+00
1.141340116175861841e+00
1.271511618608722971e+00
1.329222142000366924e+00
1.292054071137339166e+00
1.215194522044935610e+00
1.181417176502360222e+00
1.170339769427998444e+00
1.146360837159402069e+00
1.116101270621549180e+00
1.095366115897151049e+00
1.115638888363448267e+00
1.202793724801662245e+00
1.260488455420233134e+00
1.315373914778107833e+00
1.343879951681248741e+00
1.423820604492859632e+00
1.564198335099590276e+00
1.678489982930343238e+00
1.773122664280154970e+00
1.853485719180255398e+00
1.917435068992338287e+00
2.029967888094242667e+00
2.165778880041655974e+00
2.266395253448509006e+00
2.392701710603735599e+00
2.460043450760906580e+00
2.568876681474725032e+00
2.706215235796097573e+00
1.560462183155125082e+00
1.631239318918308756e+00
1.677543973637954711e+00
1.211746620861325452e+00
1.240005614836305448e+00
1.261363548216735575e+00
1.254228634126600239e+00
1.251741539922579971e+00
1.304943043986383611e+00
1.486596274561846398e+00
1.412457425376000497e+00
1.331050662278115526e+00
1.289329744762945484e+00
1.306970405195587048e+00
1.319384271525541719e+00
1.288350071064263025e+00
1.254270189287862047e+00
1.285173418287634650e+00
1.358589658023579227e+00
1.414506235119162181e+00
1.451976262543378082e+00
1.508213091064368072e+00
1.640020201815255874e+00
1.736486289482221501e+00
1.836917825035387031e+00
1.905680913602400661e+00
2.003905302367255725e+00
2.203078751858536855e+00
2.321086352369681638e+00
2.408697377774955850e+00
2.458731099548203680e+00
2.582392698286727573e+00
2.719994930718917292e+00
2.842248198180955754e+00
1.421588516783970135e+00
1.380989045181477692e+00
1.935753660013590283e+00
2.056424264155217951e+00
1.386856722767833228e+00
1.375596932946521855e+00
1.392056475285917694e+00
1.476618350782301858e+00
1.583278342918985171e+00
1.494754332137167463e+00
1.384668268949881265e+00
1.335569170772433534e+00
1.324070817602152061e+00
1.341266738441998951e+00
1.331144519557211137e+00
1.346157585583284577e+00
1.416919693416785364e+00
1.495136375011357766e+00
1.558028413262304790e+00
1.424649609018376450e+00
1.372659771269633344e+00
1.362511264783577092e+00
1.363891103941245353e+00
1.319644566900135096e+00
1.310043821489704552e+00
1.376334928502903177e+00
1.454006918052086927e+00
1.496943475052622263e+00
1.480767035221618233e+00
1.425459473369728114e+00
1.403381363915125801e+00
1.390531245179338793e+00
1.333309815853340963e+00
1.450135860524938369e+00
1.309462733920672584e+00
1.199672872765803033e+00
1.129377058321166194e+00
1.059799238384417031e+00
1.063882231951755353e+00
1.085370951678070739e+00
1.129289365927868660e+00
1.146592881288876598e+00
1.160564417134299475e+00
1.210559630369094863e+00
1.332578516745276387e+00
1.409644180288066817e+00
1.510060180618082892e+00
1.573029463861459698e+00
1.657109223599642966e+00
1.800541538168422662e+00
1.904487961510715088e+00
2.027393857535618960e+00
2.118890095769360826e+00
1.470523960493150151e+00
1.399261722288875021e+00
1.312424647365749264e+00
1.173642298116836402e+00
1.123956632120285848e+00
1.099913984535325184e+00
1.096576455039501186e+00
1.061099311729672756e+00
1.037848668983157863e+00
1.065691580302279506e+00
1.149811649390531265e+00
1.456847623923827717e+00
1.320742203282546878e+00
1.256432120118869511e+00
1.193492585116837867e+00
1.185275761781620085e+00
1.137616681688850662e+00
1.078654449600259024e+00
1.062470936421532564e+00
1.100603340860918600e+00
1.144409903157323383e+00
1.182163056534612844e+00
1.393516487959368666e+00
1.323454676701582011e+00
1.250182871647880667e+00
1.214586927069773559e+00
1.131612465288030833e+00
1.086094622128363829e+00
1.080950162929336766e+00
1.114937744717659607e+00
1.123570428072460770e+00
1.132522891797751230e+00
1.156268558240498345e+00
1.455278785761910942e+00
1.393289563876766168e+00
1.286006225465755382e+00
1.221349677426781355e+00
1.192629589636239995e+00
1.186850684370988951e+00
1.153919739279549050e+00
1.112078052052173138e+00
1.116082357712860906e+00
1.199361464150467294e+00
1.257013111697857344e+00
1.316065882312379420e+00
1.371880827492331534e+00
1.307167277896868374e+00
1.264864413863246551e+00
1.212550075915781456e+00
1.151585420321544539e+00
1.134017728242112000e+00
1.177901363909893417e+00
1.212231143954221269e+00
1.231999591309969055e+00
1.479437699589283284e+00
1.442710874104600860e+00
1.395838858141050576e+00
1.356891846349191688e+00
1.282061225624509415e+00
1.193645745055291529e+00
1.165018912858176492e+00
1.183880838034842675e+00
1.198191065929675281e+00
1.223204127780488371e+00
1.254372206014463753e+00
1.343457441810993913e+00
1.420052361854854839e+00
1.337109566939828076e+00
1.246613688221991811e+00
1.205317883389863010e+00
1.216482314407155929e+00
1.213321772041921598e+00
1.217840702949263942e+00
1.250334135208523989e+00
1.333281197652410155e+00
1.431358600572531836e+00
1.519119526620827276e+00
1.293867610114335598e+00
1.259012603096556271e+00
1.256261844499106051e+00
1.245947764254882628e+00
1.234354074914188359e+00
1.262460013318791097e+00
1.356575557221906037e+00
1.482351057670045380e+00
1.362831549237607298e+00
1.282150986849083685e+00
1.258795819979279695e+00
1.263656855853038996e+00
1.255478947071701157e+00
1.263927033950913215e+00
1.339993935143507287e+00
1.428472511085786767e+00
1.470846488397060003e+00
1.389291526992734616e+00
1.354286279550421801e+00
1.342027851922893644e+00
1.300073921158448442e+00
1.260663786163432221e+00
1.289453909004879328e+00
1.366474248705797256e+00
1.428510861885798455e+00
1.470358712702610093e+00
1.417080910631486557e+00
1.399158975731940480e+00
1.375375372617534397e+00
1.297801806625087151e+00
1.256007008696060856e+00
1.305558920242719578e+00
1.350747732676353285e+00
1.366923239662586775e+00
1.381065397291180163e+00
1.420226633003065508e+00
1.542313596850699575e+00
1.616081608974173411e+00
1.360155511669943751e+00
1.308363186840000525e+00
1.294122016847548462e+00
1.317449271460655602e+00
1.309796480284832754e+00
1.291405250935801163e+00
1.303479864952026057e+00
1.378231023850931214e+00
1.430361524448847899e+00
1.479304799029113715e+00
1.449346973217691348e+00
1.409013893396202866e+00
1.406412914499367117e+00
1.387101737988251982e+00
1.312808308838619986e+00
1.276619631051233883e+00
1.300846774169982956e+00
1.350292636146816161e+00
1.392583778672993766e+00
1.419586574369792409e+00
1.483457076952235276e+00
1.615441271255452449e+00
1.687423062033134080e+00
1.772743582520784456e+00
1.341432935730328735e+00
1.328570849600818615e+00
1.357321940854031128e+00
1.374466478207137854e+00
1.388471415392524388e+00
1.426061223332090178e+00
1.540187387241901185e+00
1.609905180130585922e+00
1.419020799938741195e+00
1.354805790578994085e+00
1.335736058148314420e+00
1.366061600253725139e+00
1.373242769728999502e+00
1.359514073666052925e+00
1.366467987938072559e+00
1.410857779044516258e+00
1.504377460448658610e+00
1.562394926144283103e+00
1.495029678935728912e+00
1.448617572149434984e+00
1.418043610308347802e+00
1.408685343235957621e+00
1.381639810757677500e+00
1.384493424544601003e+00
1.405633449023146353e+00
1.472762473345606837e+00
1.514170548065997046e+00
1.562100163520646845e+00
1.619295056792921628e+00
1.748616147249511421e+00
1.834040824379526535e+00
1.914407498863575752e+00
2.016474751002099275e+00
2.090141455221617761e+00
2.251600342501364427e+00
2.363790193852858934e+00
2.495431302868558188e+00
2.574807942637672209e+00
2.715863020253163729e+00
2.849841419476733861e+00
2.971268572545777698e+00
3.105265279177477744e+00
3.214577862754803839e+00
3.405722612717050346e+00
3.542155487019635451e+00
3.716418437033938371e+00
3.843914527710677209e+00
3.999186530880474599e+00
4.164499107664859423e+00
4.276945232879378445e+00
4.425461442987571381e+00
4.536489900105275197e+00
4.711444815608004433e+00
4.836349190245607055e+00
4.998756947688677066e+00
5.124344246827964966e+00
5.275322724991849732e+00
5.447098778678978626e+00
5.579262174230739113e+00
5.748144739894910593e+00
5.871485644915463098e+00
6.050923941798607153e+00
6.190235216412199648e+00
6.353138901029044661e+00
6.501508093457110782e+00
6.615977814045046479e+00
6.772543398575809448e+00
6.898336814684134843e+00
7.048515872261059023e+00
7.194982766021603027e+00
7.340857810457777965e+00
7.505723333928169261e+00
7.642167226894406973e+00
7.834659605702205099e+00
7.943035715932424523e+00
8.116383804318733297e+00
8.277313344346252322e+00
8.455777329952645971e+00
8.606540051539214531e+00
8.738502588965202378e+00
8.927444472616054227e+00
9.046584112088142504e+00
9.226850977747261595e+00
9.355157011082999574e+00
9.495372388848261735e+00
9.682989685165166449e+00
9.800426629943322254e+00
9.989368437735217654e+00
1.012421571489966432e+01
1.025492604412714215e+01
1.042623308118323955e+01
1.054342886606752394e+01
1.071895311158980313e+01
1.083892983581219838e+01
1.099230776296030854e+01
1.109814359386602511e+01
1.125944689682779298e+01
1.140667860296962921e+01
1.149555581100631230e+01
1.167110312354141222e+01
1.177474017857123911e+01
1.192752599568569849e+01
1.208272891203312582e+01
1.217045403934868197e+01
1.234272395667027311e+01
1.249279796996689562e+01
1.265852712896398202e+01
1.281431025752982400e+01
1.291137544276564242e+01
1.306234485882058394e+01
1.320683896867257978e+01
1.338912930227362708e+01
1.349317362817716592e+01
1.362083385070591035e+01
1.379612466435502327e+01
1.391854957672291349e+01
1.409388381879676011e+01
1.420261210694277132e+01
1.438904562052694303e+01
1.452574257884008446e+01
1.467666635420600407e+01
1.482204404857867353e+01
1.494292523376631365e+01
1.512973750027370379e+01
1.524496407415657551e+01
1.543974543497930441e+01
1.550778753202397375e+01
1.565405380860648066e+01
1.579786668130652671e+01
1.593227862864377897e+01
1.609284877406445702e+01
1.619373367287751364e+01
1.637004730158041355e+01
1.649955476455587089e+01
1.667758959166169319e+01
1.678853709267407979e+01
1.692461332294785947e+01
1.706505185062518493e+01
1.720842708423572631e+01
1.736698112719641429e+01
1.746937005105881724e+01
1.763741827818577690e+01
1.773172458923756523e+01
1.784998217671558862e+01
1.795961976155081175e+01
1.807043863907464498e+01
1.825307755133488641e+01
1.834158277173535367e+01
1.850992960159648959e+01
1.860601948628412927e+01
1.871058237469485519e+01
1.886397574952391309e+01
1.897461135746940286e+01
1.915581402251176613e+01
1.924750572179600283e+01
1.937463063391004781e+01
1.952224835416465254e+01
1.965602548140142147e+01
1.980410338143995830e+01
1.988750109570689162e+01
2.005125646122370853e+01
2.018740855829823388e+01
2.035725718395110917e+01
2.049109616090456498e+01
2.060728054945653298e+01
2.078247791362979058e+01
2.090912440267268124e+01
2.107422085348730789e+01
2.119116902817396664e+01
2.135045161633381383e+01
2.149464796433690594e+01
2.160498256669141171e+01
2.175852490647720572e+01
2.184640019454378290e+01
2.198896747097298032e+01
2.215006678261556061e+01
2.226285231640731510e+01
2.243628421233167103e+01
2.253387505136441860e+01
2.267487096038013306e+01
2.283519229544133111e+01
2.292337374682961126e+01
2.307278932044745545e+01
2.317712931455703895e+01
2.331434417921520108e+01
2.343840058257093517e+01
2.357067071250529722e+01
2.374342052604395192e+01
2.383582583007623157e+01
2.398253061846079959e+01
2.408583149352103092e+01
2.424116734811921603e+01
2.440229297675574216e+01
2.448714821809356934e+01
2.467103007353728827e+01
2.479466872308118752e+01
2.494025397496015017e+01
2.510076273986623363e+01
2.521473539238850137e+01
2.540363654201336985e+01
2.551350301650962038e+01
2.566981397992303471e+01
2.581133996734795488e+01
2.592239748780190212e+01
2.610415418595770731e+01
2.620455897923016408e+01
2.636179891743504911e+01
2.651335770228649835e+01
2.665012755600060501e+01
2.683469198898034946e+01
2.695443584496083034e+01
2.713035836392071332e+01
2.726213043915038625e+01
2.741725223239599885e+01
2.755870812019952609e+01
2.769704996410345288e+01
2.787813247020871543e+01
2.799540541092957469e+01
1.105039263795240316e+02
1.106224380967524326e+02
1.107793498961475365e+02
1.109297749848069685e+02
1.110302059699726414e+02
1.111459655285988077e+02
1.112785508170117481e+02
1.114239272109564354e+02
1.115923968888793638e+02
1.116794884681275448e+02
1.118026938960480265e+02
1.119124666164322690e+02
1.120814055679398678e+02
1.122549452114226796e+02
1.123799328949783813e+02
1.125298985556401732e+02
1.126526951303388557e+02
1.128112160295894597e+02
1.129484307869001753e+02
1.130609901069450132e+02
1.132152037238477789e+02
1.133447269777671806e+02
1.135369705613286868e+02
1.136645662885974559e+02
1.138042574176883619e+02
1.139451144635910396e+02
1.140891717614663463e+02
1.142619357636190927e+02
1.143794384911425084e+02
1.145448481093169306e+02
1.146741102175361391e+02
1.148151657474106173e+02
1.149954313314505185e+02
1.151391685858898768e+02
1.152753826112213318e+02
1.153993561638626915e+02
1.155601772028426950e+02
1.157318633990780938e+02
1.158651721775852081e+02
1.160281879379717509e+02
1.161615032151737523e+02
1.163627126707472854e+02
1.165478810491859747e+02
1.167184230500265016e+02
1.168811821844019505e+02
1.170245433552693584e+02
1.172204148309413654e+02
1.173647930106640160e+02
1.175219121780448859e+02
1.176850379430059235e+02
1.178500391025097400e+02
1.180373792087422089e+02
1.181932344979337017e+02
1.183611732478546799e+02
1.184926931079505152e+02
1.186442805776535039e+02
1.187943171406253242e+02
1.189238271907533004e+02
1.191058682669614086e+02
1.192756517457019498e+02
1.194653594948239288e+02
1.196253245916855263e+02
1.197923904349290325e+02
1.199573972260647849e+02
1.200730755970839283e+02
1.201470757225643808e+02
1.201350565196868700e+02
1.200743090248440694e+02
1.200738425833470160e+02
1.200809005988084692e+02
1.200214427530388264e+02
1.199767395505054424e+02
1.199680959064489656e+02
1.199557534154339891e+02
1.198831627926275871e+02
1.197997121764397832e+02
1.197476536044148503e+02
1.197413312390263371e+02
1.197253911417306682e+02
1.196470343230565163e+02
1.195992073423784490e+02
1.195591913070834664e+02
1.195361129788355044e+02
1.194936690455576240e+02
1.194145592020832538e+02
1.193615876076992635e+02
1.193394115357375256e+02
1.193138586893698516e+02
1.192486349600172417e+02
1.191813941590625774e+02
1.191442485951560712e+02
1.191308120663584731e+02
1.191367908501595281e+02
1.190820234038630900e+02
1.190023859760419924e+02
1.189462283253247961e+02
1.189112755184222294e+02
1.188746272760863292e+02
1.188026465484431071e+02
1.187177749504728013e+02
1.186829119923601894e+02
1.186645733749461158e+02
1.186487177661858965e+02
1.185939166123943380e+02
1.185401813735579850e+02
1.185146318064933126e+02
1.184973230045212205e+02
1.184648752493180837e+02
1.183809008064516632e+02
1.183252500435004038e+02
1.183013781297898248e+02
1.182869049479652546e+02
1.182475161612754846e+02
1.181774044760439182e+02
1.181138244404830431e+02
1.180731045238329813e+02
1.180761563511612593e+02
1.180099236824703013e+02
1.179378965454856854e+02
1.179066281450487281e+02
1.179153169922280284e+02
1.178995318789168749e+02
1.178024787577997046e+02
1.177345730439189850e+02
1.177132208904910868e+02
1.176887401935381803e+02
1.176364634428154545e+02
1.175668028266467786e+02
1.175246077016264792e+02
1.175097692284395379e+02
1.174915038725406333e+02
1.174067886728589514e+02
1.173706089925115776e+02
1.173472140986323353e+02
1.173220174904081574e+02
1.172507000809968503e+02
1.172097452726405606e+02
1.171923807074956869e+02
1.171884870160518517e+02
1.171370084996945593e+02
1.170593553946037559e+02
1.170405534029341510e+02
1.170507462493288244e+02
1.170640237499464860e+02
1.170118417915687274e+02
1.169319500106012271e+02
1.169001798929823224e+02
1.168834020936993738e+02
1.168700902594698618e+02
1.168211076679866807e+02
1.167768916113427480e+02
1.167616275326482054e+02
1.167747167985990160e+02
1.167584026912993949e+02
1.166798128360938165e+02
1.166324947845731543e+02
1.166262216710774453e+02
1.166266623568792085e+02
1.166298621527816124e+02
1.165799091029909960e+02
1.165289360041160620e+02
1.165040783057109905e+02
1.165147348678130328e+02
1.165333993224865452e+02
1.165249275851478075e+02
1.164741214841608041e+02
1.164427291370432442e+02
1.164429879365941787e+02
1.164676399754928440e+02
1.164321609302494807e+02
1.163537825054541770e+02
1.163272896918898880e+02
1.163122589104161335e+02
1.163195592887506393e+02
1.163091651426094160e+02
1.162620817834371820e+02
1.162010026653723997e+02
1.161726641147674997e+02
1.161713081156969309e+02
1.161843126695115700e+02
1.161375363597750408e+02
1.160676106379710291e+02
1.160553886004094153e+02
1.160790822456655036e+02
1.160682912987519302e+02
1.160266692563420179e+02
1.159880489660304477e+02
1.159892723370499397e+02
1.160021831351320856e+02
1.159505015640174292e+02
1.159020055657888548e+02
1.158698295251454908e+02
1.158790082562152151e+02
1.158924591513246440e+02
1.158992990074726777e+02
1.158209012800526381e+02
1.157514373966148042e+02
1.157417250793270966e+02
1.157590812268275755e+02
1.157458174653454108e+02
1.156982920809224424e+02
1.156694379603482901e+02
1.156718475933055004e+02
1.156649862426111781e+02
1.156463169198264893e+02
1.155722254264926079e+02
1.155329397453970017e+02
1.155354869003427609e+02
1.155658417807739369e+02
1.155648354030236789e+02
1.155022406946976616e+02
1.154623910805223801e+02
1.154485479125327743e+02
1.154595790762430596e+02
1.154557557114176092e+02
1.154240199286542747e+02
1.153916087208967554e+02
1.153685248758227146e+02
1.153656787548777203e+02
1.153743577854653779e+02
1.153366117942925086e+02
1.152780814439473005e+02
1.152486325695710576e+02
1.152561009821869931e+02
1.152847362733255778e+02
1.152852547483167598e+02
1.152267060029305838e+02
1.152041594228512338e+02
1.152010685438380193e+02
1.152083736443916990e+02
1.151828370993675605e+02
1.151288730562174862e+02
1.150872242905955289e+02
1.150941586607283966e+02
1.151205258727738396e+02
1.151277048569050692e+02
1.150724347451913019e+02
1.150240266250323060e+02
1.150066960530993327e+02
1.150194376145942670e+02
1.150493250809641239e+02
1.150316447476405699e+02
1.149695184867615012e+02
1.149183029336546440e+02
1.149070774252884632e+02
1.149364129932028362e+02
1.149229211245886262e+02
1.148693060705089977e+02
1.148259995956447455e+02
1.148188666540186631e+02
1.148514740240595700e+02
1.148667892001467834e+02
1.148315711196736828e+02
1.147727788586651059e+02
1.147482748542105071e+02
1.147679361331063035e+02
1.147777726533900164e+02
1.147517323220354228e+02
1.147117141438920243e+02
1.146784307731162471e+02
1.146836752958716659e+02
1.146986162448989859e+02
1.147049944656889124e+02
1.146680344545557517e+02
1.146386810547597719e+02
1.146472328765487276e+02
1.146712119265420711e+02
1.146686626787596737e+02
1.146471572235587928e+02
1.145960869825859305e+02
1.145646735087181156e+02
1.145579875183288863e+02
1.145852000907413100e+02
1.145932401187553324e+02
1.145802788403051551e+02
1.145216363110402114e+02
1.144886327475621073e+02
1.144857922338325835e+02
1.145178488848129206e+02
1.145069288795679370e+02
1.144846943849718173e+02
1.144352565603006013e+02
1.144137909764533703e+02
1.144286753877593128e+02
1.144592343116253943e+02
1.144645551556472327e+02
1.144369161399006316e+02
1.143925646789153348e+02
1.143955314590437951e+02
1.144340559126590762e+02
1.144473464654889767e+02
1.144068159919639811e+02
1.143603087685245612e+02
1.143481795661671185e+02
1.143968228227962101e+02
1.143941516663591500e+02
1.143700110781300054e+02
1.143358090383123198e+02
1.143226366231957485e+02
1.143514802986182417e+02
1.143866528912780041e+02
1.143846785679831868e+02
1.143363521693034244e+02
1.143072642921672468e+02
1.143178842963490069e+02
1.143396467578683371e+02
1.143440420803889594e+02
1.143234180924862216e+02
1.142714164718980641e+02
1.142585083876156631e+02
1.142821886294407250e+02
1.142865187613626290e+02
1.142485678464210395e+02
1.142065844542033943e+02
1.141944725002580725e+02
1.142087752371551375e+02
1.142448213901437697e+02
1.142445209660493362e+02
1.142142589707567879e+02
1.141796937413241722e+02
1.141710764246676604e+02
1.142179379658082041e+02
1.142277593729932477e+02
1.141927669431641448e+02
1.141653295715592407e+02
1.141947822702989015e+02
1.142483115012927897e+02
1.142442458816082080e+02
1.142014941017120861e+02
1.141646144051923955e+02
1.141669158218184492e+02
1.141944989998341526e+02
1.141880495576561287e+02
1.141516767367314173e+02
1.141205206712587170e+02
1.141217420835840954e+02
1.141549289351531371e+02
1.141770026438355501e+02
1.141507680947934631e+02
1.141251125637904806e+02
1.141190954040766314e+02
1.141544324650068063e+02
1.141637971820767063e+02
1.141521191116772798e+02
1.141136130242754092e+02
1.141119468453839687e+02
1.141311535449795116e+02
1.141545942301986969e+02
1.141620874712938587e+02
1.141428327553813489e+02
1.141002830641540697e+02
1.140933137197165763e+02
1.141422092475413308e+02
1.141538885614062764e+02
1.141485432521967880e+02
1.141213427101025388e+02
1.141148867743909960e+02
1.141394665441923308e+02
1.141650044020542367e+02
1.141609363314862691e+02
1.141214741192153497e+02
7.397993418852810521e+01
7.408300641115087615e+01
7.419357586892473932e+01
7.427870339107428777e+01
7.435970691488930129e+01
7.441369355343827863e+01
7.455847737976003486e+01
7.465158232297676477e+01
7.471034262465622078e+01
7.476868640005663735e+01
7.477143520251733833e+01
7.473876268601887318e+01
7.469537422005933536e+01
7.463540330344886797e+01
7.459470685971406567e+01
7.457740731747730933e+01
7.443403236765698239e+01
7.428385912513023470e+01
7.418299534700987863e+01
7.404777784891174974e+01
7.398021683186333064e+01
7.388096392997552186e+01
7.370610295295240633e+01
7.360221100260166338e+01
7.348086567309429995e+01
7.335433436874458835e+01
7.326285693210287775e+01
7.310515560508862620e+01
7.298223947385423571e+01
7.285454821473238951e+01
7.273464516708558847e+01
7.267049006908392528e+01
7.255573079141828430e+01
7.242660395977628696e+01
7.236884256505697977e+01
7.229771957083794121e+01
7.218671620437640968e+01
7.210925149524244659e+01
7.200983461622737991e+01
7.186725297298551141e+01
7.177999495497229532e+01
7.167533937219650397e+01
7.157067286192594224e+01
7.148932542076963159e+01
7.134652050324970674e+01
7.122067266665426644e+01
7.109011394775507142e+01
7.099552349087386460e+01
7.090542482547034808e+01
7.074932571317317809e+01
7.063099073707243747e+01
7.050331333505882014e+01
7.037579618830153549e+01
7.025630500253767252e+01
7.008010793030783248e+01
6.996832555421893574e+01
6.982695051379955942e+01
6.972162341022558962e+01
6.962024703350823529e+01
6.944233188836174975e+01
6.930867269800391739e+01
6.915018977572049153e+01
6.903041945115637645e+01
6.889362281993240344e+01
6.873581457256830163e+01
6.861102644623672120e+01
6.847756912709161270e+01
6.838940669309049269e+01
6.821454659855892544e+01
6.806802802001881503e+01
6.789951854577296331e+01
6.777321648428728906e+01
6.765277554832485407e+01
6.747114296587930937e+01
6.735699673076534566e+01
6.721740124029990682e+01
6.710711004148515713e+01
6.697756386174938825e+01
6.682522848708963181e+01
6.668734982002666811e+01
6.657891631374101848e+01
6.646737961737214562e+01
6.632780852651784187e+01
6.619098167924381926e+01
6.605941456023681724e+01
6.591407774610267722e+01
6.581890038480486282e+01
6.568536818762672169e+01
6.557269919208995645e+01
6.545335924617140222e+01
6.533837775988740759e+01
6.525732648515094070e+01
6.512700730896411017e+01
6.500664438485746643e+01
6.488792562619913440e+01
6.476319360664872704e+01
6.469264278290887660e+01
6.456216561896118833e+01
6.444263473241845475e+01
6.435220532438430041e+01
6.425768089306546926e+01
6.416568509855585489e+01
6.408297231468651489e+01
6.400539026832667844e+01
6.395651525221057199e+01
6.390162832885874877e+01
6.379595964524514073e+01
6.370779742009510471e+01
6.358810733825448835e+01
6.347816256208792396e+01
6.337782971111836616e+01
6.323181487270996115e+01
6.314147459748437541e+01
6.306955201221757790e+01
6.294895019967604810e+01
6.279980889807208655e+01
6.269497767671339972e+01
6.259456470322759003e+01
6.248247280372835633e+01
6.233415802742511858e+01
6.217087387013327771e+01
6.205509450648560232e+01
6.195312994232411796e+01
6.184296527670046117e+01
6.168321265818077137e+01
6.157664763614158687e+01
6.147721079399051547e+01
6.139276482536768498e+01
6.130034584565299838e+01
6.114305175639321277e+01
6.103606416227271581e+01
6.093962829240506096e+01
6.086312057083978999e+01
6.075452672949979416e+01
6.061097838852214181e+01
6.049973052562513942e+01
6.038654767200807783e+01
6.029816275476090937e+01
6.020592626540803849e+01
6.005240044035286928e+01
5.994228560740575773e+01
5.981559848969635595e+01
5.972121805226928615e+01
5.964096378912545049e+01
5.951284777013924554e+01
5.937827336769492348e+01
9.403625404575745961e+01
9.391250926569826163e+01
9.375128831082017200e+01
9.361267600058344840e+01
9.343148996564927700e+01
9.325146777914895324e+01
9.310479188190990385e+01
9.294269604036706767e+01
9.282725221057641818e+01
9.266677814089240428e+01
9.253728366690386054e+01
9.239772087439821746e+01
9.226594190104657400e+01
9.213766079036696510e+01
9.200255266754983552e+01
9.186070377215619942e+01
9.175256850551427590e+01
9.158752968362567515e+01
9.143311121741257352e+01
9.128617964415012409e+01
9.108509471152027004e+01
9.095520967396602430e+01
9.081643239011454227e+01
9.062348227283507640e+01
9.050058042200018349e+01
9.033170057875449288e+01
9.022444977166732372e+01
9.011935781392584488e+01
8.996616636524001365e+01
8.982942219354301017e+01
8.964633156642935319e+01
8.953608371361856655e+01
8.940136498450391400e+01
8.922946086157220691e+01
8.907500936968405369e+01
8.888611424170896669e+01
8.875480816916633842e+01
8.862905145129451512e+01
8.842761630656656280e+01
8.829896744492970129e+01
8.811465320939826995e+01
8.796474133632338521e+01
8.783815747908487026e+01
8.763638930238624880e+01
8.748081763284952217e+01
8.730125857451190541e+01
8.715150788061494325e+01
8.699511998828998571e+01
8.678352964385476298e+01
8.665492942045015923e+01
8.650836192406319469e+01
8.636667614670716375e+01
8.623542454534316448e+01
8.607727545926258017e+01
8.594668017239895619e+01
8.579100313559990809e+01
8.564414545107693755e+01
8.553037901938473908e+01
8.537713323299540491e+01
8.523665169324320345e+01
8.507209553923139822e+01
8.491409015047038622e+01
8.478609501170382146e+01
8.466037888240474274e+01
8.451530540598206187e+01
8.434977841793273967e+01
8.417995464420441465e+01
8.404027594739520168e+01
8.390700016927590354e+01
8.374835585176964514e+01
8.358621092759186411e+01
8.344556322007711913e+01
8.338157776171794922e+01
8.328311991116839863e+01
8.314012008632793993e+01
8.301810321812457971e+01
8.283553465754623346e+01
8.269791532431521830e+01
8.264009174910037814e+01
8.252664114958932373e+01
8.235647040357012827e+01
8.224005477071129633e+01
8.208271904298335642e+01
8.195616487855537002e+01
8.182918562524335471e+01
8.168970776923815436e+01
8.157549386452171802e+01
8.145352153361235992e+01
8.132499788016171749e+01
8.120808913436535192e+01
8.111343504195815513e+01
8.096812577798182531e+01
8.084577350080401459e+01
8.070747225519419032e+01
8.058854377792931700e+01
8.045507531892967279e+01
8.029046983600093768e+01
8.016562354721466477e+01
7.999024574928711218e+01
7.986971508981262957e+01
7.972851949135423411e+01
7.960112807666585866e+01
7.946160861491367200e+01
7.930560799998761468e+01
7.919747208611262579e+01
7.905936673953382865e+01
7.892988909916147122e+01
7.877025941744042825e+01
7.862272425096763584e+01
7.851404834119885834e+01
7.842293731179634619e+01
7.829739616553669634e+01
7.813863129382700379e+01
7.799065284878133752e+01
7.784321686198995849e+01
7.777586436312694218e+01
7.765434043579340084e+01
7.753368249407714075e+01
7.738805644073951839e+01
7.722152931372558271e+01
7.713680340935505342e+01
7.704295475275165472e+01
7.692417767101490256e+01
7.681413188150570193e+01
7.667128051737417138e+01
7.656320379997174541e+01
7.646776959168001042e+01
7.633579031790624470e+01
7.620229642955931126e+01
7.605701718850092163e+01
7.588981164647887567e+01
7.578459743433165841e+01
7.567683993659693442e+01
7.553906795583905875e+01
7.539542997788826995e+01
7.526184127388803802e+01
7.518032074126166719e+01
7.507858033145896570e+01
7.493361759663447685e+01
7.481219167998148123e+01
7.465196863091526325e+01
7.453079698606791226e+01
7.441776643827934379e+01
7.429810943436203274e+01
7.416990511034536837e+01
7.402396960082651844e+01
7.390400903683641332e+01
7.380263683539594410e+01
7.364000479128759480e+01
7.349550448865745977e+01
7.334378695970998763e+01
7.322623261293554719e+01
7.312723413067648437e+01
7.298677633039453383e+01
7.285260259686734230e+01
7.272852390842686532e+01
7.260960560674169528e+01
7.251711979650838202e+01
7.239101472627190503e+01
7.224764545349864875e+01
7.211698979986185520e+01
7.190473681582054155e+01
7.180260002350814830e+01
7.166215113236187051e+01
7.148581362736180722e+01
7.133828289075900386e+01
7.115610534789084340e+01
7.101070860053744127e+01
7.085550797830683223e+01
7.068118888966627367e+01
7.052860651894592081e+01
7.032671378379839666e+01
7.019474399883198146e+01
7.003607077609254361e+01
6.986817378808785861e+01
6.973984748156308910e+01
6.953904994043604404e+01
6.940866996071110862e+01
6.921475875535921318e+01
1.236666254988616313e-02
1.236666254988616313e-02
1.236666254988616313e-02
1.236666254988616313e-02
1.236666254988616313e-02
1.499315304874712984e+00
1.499315304874712984e+00
1.499315304874712984e+00
1.499315304874712984e+00
1.499315304874712984e+00
1.236666254988616313e-02
1.236666254988616313e-02
1.236666254988616313e-02
1.236666254988616313e-02
1.236666254988616313e-02
1.236666254988616313e-02
1.499315304874712984e+00
1.499315304874712984e+00
1.499315304874712984e+00
1.499315304874712984e+00
1.499315304874712984e+00
1.499315304874712984e+00
1.499315304874712984e+00
1.236666254988616313e-02
1.236666254988616313e-02
1.236666254988616313e-02
1.236666254988616313e-02
1.236666254988616313e-02
1.236666254988616313e-02
1.236666254988616313e-02
1.236666254988616313e-02
1.236666254988616313e-02
1.499315304874712984e+00
1.499315304874712984e+00
1.499315304874712984e+00
1.499315304874712984e+00
1.499315304874712984e+00
1.499315304874712984e+00
1.499315304874712984e+00
1.499315304874712984e+00
1.499315304874712984e+00
1.499315304874712984e+00
1.499315304874712984e+00
1.236666254988616313e-02
8.225492228472729497e-03
1.245132147007254296e-02
9.586904215081465050e-03
1.149342394517227639e-02
1.596515658757888256e-02
1.207973868310239889e-02
1.262428515128970544e-02
1.262428515128970544e-02
1.262428515128970544e-02
1.262428515128970544e-02
1.262428515128970544e-02
1.262428515128970544e-02
1.262428515128970544e-02
1.236666254988616313e-02
1.236666254988616313e-02
1.236666254988616313e-02
1.236666254988616313e-02
1.236666254988616313e-02
1.236666254988616313e-02
1.236666254988616313e-02
6.499617282209911757e-03
4.754306649403392850e-03
7.491241844888261829e-03
9.247443049535990917e-03
9.645920475359486684e-03
8.532378663520035975e-03
6.046890807069526738e-03
8.452460174717766478e-03
5.515857023000334154e-03
6.155366003885894000e-03
7.963582331406178841e-03
5.578626636848072265e-03
9.915782924233645934e-03
9.912201453471833693e-03
1.140125650356242290e-02
1.145699345998322724e-02
1.200358611715594478e-02
2.104606890816243438e-03
9.851705727076798258e-02
2.078723628766945553e-01
3.851042869133624591e-01
6.072155829836070051e-01
6.730701448944936827e-01
4.536185939239548714e-01
2.393465583050103374e-01
1.490480679159757738e-01
3.489831121579625162e-01
7.564515993003303462e-01
1.120551310894800645e+00
1.492074441387130301e+00
1.886962983907153557e+00
8.066851452659957733e-01
1.222226561164081682e+00
1.622212046224820403e+00
2.048234733469493030e+00
2.482973345746711580e+00
2.886630490585310405e+00
3.279352686979618348e+00
3.612325666501532417e+00
2.461416740198449915e+00
2.810879900385173435e+00
3.084717776966731773e+00
3.303174632619230611e+00
3.457906311083867923e+00
3.681559623135793657e+00
2.356924675584180395e+00
1.070182071216724706e+00
1.242978494287229063e+00
1.916180899303647767e-01
2.005524462028957788e-01
3.014378753557592772e-01
3.992808584458730770e-01
4.987619719574988841e-01
9.773024082969173909e-01
8.425147180503554933e-01
6.628909003263361299e-01
5.007110588356125103e-01
3.533803449807121910e-01
3.019518278675174527e-01
2.887270671092141416e-01
4.063129459386027875e-01
6.103207773074224018e-01
7.953281339807187766e-01
1.004719460484771121e+00
1.202905751139762724e+00
1.297805350541521685e+00
1.319253887897742228e+00
1.333585051206220840e+00
1.366565180730785478e+00
3.708859178525262812e-01
3.731276792246547847e-01
5.334072126370728029e-01
7.321509893480043774e-01
7.032580556079381928e-01
5.153259311771855034e-01
4.125383012728643384e-01
4.275700188609302121e-01
6.274164612334878210e-01
8.970279786861836691e-01
1.157316574788924912e+00
1.428561006310362425e+00
1.681740137859764062e+00
1.957265023537961612e+00
2.261398263281102494e+00
2.507620424243211854e+00
2.742495252799783234e+00
1.516809659548375100e+00
1.734941112333002522e+00
2.018981286009605025e+00
2.302807115834801799e+00
2.565580172857170993e+00
2.858183118149120183e+00
3.148598643208260217e+00
1.947828439408696655e+00
3.689470892032162830e+00
3.991781867801936112e+00
2.790028844655439766e+00
3.094204431119607523e+00
1.912053011189162710e+00
2.190529393304880834e+00
1.044924548515571816e+00
6.608689345381366653e-01
5.905266427981729072e-01
6.484193327165592713e-01
8.333566776156255962e-01
1.082455954751708749e+00
1.350256399372774307e+00
1.615466549252388972e+00
1.923087150002143142e+00
2.206546909749140806e+00
1.086403479615098089e+00
1.348611608185937616e+00
1.615315618123750463e+00
6.839016493437094502e-01
8.803551942740502900e-01
1.127002301787714211e+00
1.398084419613164098e+00
1.688278749330924589e+00
7.650066370443370234e-01
9.752875126758356883e-01
1.212606336076086588e+00
1.486949078586512929e+00
1.742722854088052609e+00
3.508948441965814347e+00
3.829239581628587796e+00
2.654886500322273690e+00
2.966746418395490359e+00
3.280151145050335337e+00
3.530377700032396593e+00
3.805856843877487350e+00
4.081526741793517488e+00
2.892509452429969929e+00
3.179320983242255316e+00
2.024693874404607463e+00
1.019097162696552150e+00
1.245996881119680877e+00
1.464967859891532331e+00
1.707963723850864035e+00
2.000368138712352639e+00
2.282564664684253675e+00
1.201634340597974582e+00
1.412645070258987889e+00
1.643679095074294771e+00
1.888247722388055161e+00
2.198791530643545045e+00
2.507375132787606820e+00
2.785689188676988337e+00
3.075632795184462420e+00
3.360447223076914014e+00
3.629650733618780212e+00
3.940437726068156010e+00
4.261703530082483482e+00
3.113723231191670049e+00
2.019914511907584309e+00
2.323732165383883608e+00
2.636108465607614360e+00
2.947730245530005178e+00
3.220034955721578829e+00
3.500593374675203151e+00
3.786821913574372811e+00
2.659592746733987489e+00
2.954181482676318193e+00
3.263249734738803198e+00
3.546378536876708676e+00
3.873535268802321241e+00
4.151033028673908554e+00
4.460515236535645300e+00
4.742346715817242320e+00
5.035912187171582843e+00
3.861123630399735163e+00
4.148510604761368903e+00
3.038534545915295038e+00
1.971020914178621020e+00
2.245027182371152730e+00
1.341232171691889130e+00
1.536309840750407441e+00
1.766533929208663700e+00
2.021591869320358725e+00
2.263952620307136954e+00
2.568318903081994620e+00
2.832681190955473216e+00
1.783761188430158962e+00
2.080814239436463708e+00
2.354614197345720861e+00
1.410700268104792432e+00
1.635741001669610561e+00
1.188346275963419574e+00
1.175795953047187981e+00
1.267932138543163445e+00
1.414932125587549550e+00
1.617901354548352932e+00
1.883750643222207977e+00
2.109950867609177383e+00
2.358619528727811776e+00
2.676890169376410444e+00
2.937709342441670035e+00
3.229157667898962636e+00
3.531027425879351700e+00
3.820501176708311686e+00
4.094465060484711927e+00
4.404029394695169408e+00
3.255170392868349527e+00
3.567358394809962086e+00
3.876050970548365004e+00
4.141290316852974662e+00
4.467400780702408980e+00
4.749776903643589954e+00
5.081176393480259179e+00
2.555330272046656859e+00
2.848544843022891460e+00
3.120266484739135482e+00
3.423574414328609539e+00
3.756880852546309324e+00
4.023661629935075368e+00
4.312423285170401854e+00
4.642254791467002484e+00
4.964504116862066496e+00
5.234288549532213786e+00
5.554196906288420443e+00
1.763119601926874225e+00
3.275495461317049273e+00
3.585310657116904220e+00
3.903455388394963421e+00
4.211964428773223190e+00
4.519692915331527061e+00
3.395660648809280424e+00
3.671223400325014374e+00
3.985411757946049960e+00
4.267013908871272854e+00
4.557966309299337659e+00
4.871766396726680881e+00
5.186045055673574211e+00
5.511891190171970933e+00
5.828601074213956679e+00
6.146172355042157420e+00
6.394854909740101512e+00
6.630325375183782732e+00
2.432980557222292450e+00
1.348530079097031598e+00
1.415318208478376416e+00
1.507676134233988163e+00
1.675124412163482956e+00
1.906123636163327806e+00
2.152310189835315857e+00
2.485633868913724065e+00
1.493519508843705657e+00
1.690280646867067471e+00
1.975751535480023469e+00
2.226857548800832198e+00
1.420422650180969582e+00
1.652467415357914637e+00
1.883260061178883005e+00
2.133744601718341460e+00
2.434634861585784016e+00
2.723317765202385665e+00
3.011964501674778028e+00
3.318043714450999104e+00
3.623732430126025417e+00
3.960538258608079953e+00
4.293882651768691439e+00
4.623202047057533903e+00
4.927004547599524109e+00
5.251230479042480859e+00
5.580539304151952429e+00
5.905978269123479230e+00
6.222813909902439100e+00
6.530587728963492822e+00
6.855899186033284742e+00
1.434786516783819543e+01
1.467994636145912501e+01
1.500660401915118669e+01
1.531539091001366693e+01
1.563864415340377256e+01
1.597980355715638190e+01
1.626684344602596966e+01
1.522013388687736324e+01
1.557135683202993626e+01
1.589784302015402417e+01
1.488256927253193673e+01
1.520776007783439177e+01
1.553070707841994746e+01
1.585790775106833372e+01
1.620510674218156666e+01
1.656798575451204414e+01
1.694490384252422643e+01
1.731750718652251919e+01
1.766910393561824932e+01
1.804472535985636839e+01
1.836326022659704904e+01
1.873006635613160142e+01
1.907926888359593320e+01
1.941284000314953673e+01
1.975411255651158271e+01
2.014324949721397218e+01
2.049053588582311036e+01
2.085223913768137294e+01
2.120228994563771963e+01
2.157827165156840010e+01
2.189952725764085173e+01
2.223432757655495351e+01
2.261035738263035455e+01
2.297314494687866215e+01
2.329889245432706701e+01
2.368421728197210996e+01
2.406730233564695709e+01
2.439432534772511474e+01
2.475095127135675099e+01
2.514457743552912916e+01
2.552618608687795998e+01
2.589665457158162809e+01
2.627375185330398466e+01
2.660140282093992781e+01
2.699061300088123261e+01
2.732816554889324934e+01
2.771600887040678529e+01
2.808288527927376421e+01
2.845503461886699625e+01
2.879798244374264371e+01
2.911866695459437793e+01
2.948021901365481767e+01
2.981928371834031921e+01
3.017488062163470630e+01
3.054051470891303666e+01
3.087994267858866948e+01
3.120209353919628370e+01
3.153918887718236519e+01
3.188098641479063033e+01
3.217604461335576360e+01
3.253704179752783432e+01
3.287741882051063413e+01
3.319911614824496127e+01
3.351656929342139790e+01
3.388709003384649776e+01
3.424086351841665987e+01
3.461013969770509391e+01
3.495051736960361666e+01
3.529505999457741439e+01
3.564358162100696603e+01
3.600970034654294949e+01
3.637829470850387281e+01
3.676396085841404471e+01
3.711166390034834706e+01
3.749566312765787046e+01
3.790074026534311713e+01
3.827204840949151077e+01
3.860287663792947654e+01
3.895432464516667892e+01
3.934822674694940758e+01
3.969283155246532147e+01
4.003578721232152304e+01
4.040924767086514890e+01
4.074164269106337599e+01
4.102738048093020495e+01
4.134642109697920631e+01
4.166585297703776547e+01
4.200434681738430243e+01
4.235952689306052577e+01
4.266975497588700961e+01
4.300208091753940209e+01
4.333020245420524219e+01
4.369360929335822163e+01
4.401868001410988995e+01
4.434002082537098488e+01
4.469142841673578914e+01
4.502448927964180569e+01
4.538442989426784635e+01
4.575075347134198722e+01
4.610802398488197440e+01
4.646811020407155013e+01
4.677868706422150780e+01
4.709476658977609276e+01
4.744397212092758309e+01
4.777366613456801048e+01
4.813013234082089298e+01
4.850846310193944788e+01
4.886901988794542717e+01
4.919587221842414237e+01
4.955321199290477807e+01
4.988727977969238481e+01
5.023778306398843796e+01
5.059186046328181163e+01
5.095769567649814746e+01
5.131191593667870876e+01
5.166405057938344214e+01
5.203978031022722206e+01
5.239043807034559563e+01
5.271936133684068437e+01
5.305620359371424399e+01
5.342757200205477375e+01
5.376985499243778577e+01
5.410961626092773713e+01
5.449121497231951849e+01
5.489140216494475766e+01
5.524929695604689783e+01
5.562611142978015266e+01
5.599198585136285544e+01
5.639491646640284728e+01
5.674363814959430385e+01
5.711602422923845523e+01
5.748668156526310469e+01
5.787827942116940250e+01
5.824753028329065074e+01
5.860048455174465687e+01
5.897045068227601661e+01
5.935193253446357886e+01
5.969546363740980155e+01
6.003245823353182686e+01
6.039083476846155207e+01
6.072047682931439994e+01
6.104115943617281204e+01
6.137511223547762995e+01
6.171331097602855920e+01
1.170517843609520838e+02
1.173999271825982333e+02
1.177344546618576544e+02
1.180380596195405758e+02
1.183648722841271166e+02
1.186694828826068147e+02
1.189803759344001577e+02
1.192680903796092622e+02
1.195419284918439899e+02
1.197887577216559691e+02
1.199341873671209839e+02
1.199845682916007803e+02
1.199603823978834072e+02
1.198818960756492658e+02
1.197472716554142806e+02
1.196510663067951441e+02
1.195568458255632436e+02
1.194166006012615355e+02
1.193183839745295813e+02
1.192442038055005895e+02
1.191116240808001550e+02
1.190172239533795988e+02
1.189373103290660652e+02
1.188382072286961630e+02
1.187571445805983927e+02
1.186814591284608866e+02
1.185787984701591000e+02
1.185169247615747707e+02
1.184321709849616582e+02
1.183138695378399774e+02
1.182127351099290848e+02
1.180912225640320798e+02
1.179907286125094856e+02
1.179190076028395993e+02
1.178098575812190489e+02
1.177211123882507451e+02
1.176382770928399708e+02
1.175289577100342626e+02
1.174645069873329390e+02
1.173482507442022609e+02
1.172532407774749856e+02
1.171754005660272355e+02
1.170843996417698065e+02
1.170214316273287238e+02
1.169227884539949684e+02
1.168078022911254692e+02
1.167647780848711392e+02
1.166675745464033156e+02
1.166022993252649371e+02
1.165658344959486641e+02
1.164891705491786951e+02
1.164115701922457617e+02
1.163679409287709206e+02
1.162501274163088851e+02
1.161990962227928748e+02
1.161593692382476206e+02
1.160890142707464605e+02
1.160135372833384508e+02
1.159547199080334963e+02
1.158546226803963322e+02
1.157915425899294490e+02
1.157249021454553883e+02
1.156371781750468557e+02
1.155893178810402446e+02
1.155098968385268421e+02
1.154348176811741808e+02
1.154110126639121319e+02
1.153169064276440992e+02
1.152837291705012319e+02
1.152296638575598280e+02
1.151425768232502378e+02
1.151192411576685544e+02
1.150494436628738413e+02
1.149743237771073012e+02
1.149540415054623992e+02
1.148688622782891002e+02
1.148049878026400847e+02
1.147554290309314666e+02
1.146620516524136804e+02
1.146304186515009889e+02
1.145994280637593619e+02
1.145645771229295917e+02
1.145242787325965566e+02
1.144986065760817695e+02
1.144621834921826320e+02
1.144353711887817298e+02
1.144148841189679331e+02
1.143491830579264956e+02
1.143313385532513848e+02
1.143185738660099418e+02
1.142578244619916035e+02
1.142356138169640190e+02
1.142097464013601495e+02
1.141647195212386094e+02
1.141615646724860795e+02
1.141444019566893076e+02
1.141126838277180440e+02
1.140960944415528218e+02
1.140719328515555020e+02
1.140528017905933353e+02
1.140529555863829785e+02
1.140035269181236401e+02
1.139622039067881616e+02
1.139587455699668652e+02
1.139158840246276867e+02
1.139046058381165949e+02
1.139122257023816616e+02
1.138747179512263443e+02
1.138852532102804105e+02
1.138849973798774471e+02
1.138688318802065851e+02
1.138803631700816226e+02
1.138681968604242911e+02
1.138491400556970632e+02
1.138568070981785638e+02
1.138535601908697572e+02
1.138495525275829721e+02
1.138617716071264852e+02
1.138617254374465375e+02
1.138753738781376228e+02
1.139067380252219550e+02
1.139048057068336277e+02
1.139212903384285909e+02
1.139602421591417425e+02
1.139561070891133454e+02
1.139428253142127403e+02
1.139220924305265044e+02
1.138379842142174141e+02
1.137159049867260023e+02
1.136348127229619251e+02
9.024693118139956027e+01
9.015226461970281946e+01
8.995199800182270167e+01
8.969682712408324221e+01
8.944462362054672155e+01
8.913203258570901255e+01
8.886561847286886007e+01
8.857542027072292967e+01
8.824729250283840543e+01
8.790904933048888381e+01
8.756644059380829503e+01
8.723977683068295619e+01
8.686831182720536049e+01
8.654595892487876085e+01
8.618063167676280045e+01
8.585044240719355457e+01
8.550042526217006866e+01
8.516267948653394626e+01
8.481747514579888048e+01
8.448763343804753845e+01
8.415712304389055021e+01
8.382777239440351025e+01
8.355682467703297789e+01
8.332101633148209885e+01
8.308589386358818274e+01
8.276808719946356518e+01
8.247809023917000104e+01
8.219397074330964870e+01
8.188577211297705105e+01
8.154822891360581139e+01
8.122612965820754027e+01
8.093920390044223723e+01
8.064693509303612018e+01
8.040954073654651779e+01
8.012958055326876661e+01
7.989139689350525941e+01
7.964013789393499110e+01
7.938485967272403343e+01
7.910404050040364154e+01
7.884865783416026375e+01
7.857027207682124015e+01
7.830516010643070501e+01
7.806734383085462525e+01
7.780954173943915464e+01
7.753716540126225709e+01
7.724196166709951683e+01
7.694969408041525583e+01
7.664628921914778914e+01
7.636181571483626840e+01
7.609932919551847874e+01
7.578101007348945473e+01
7.548137720750334267e+01
7.520511006460341719e+01
7.494291201437852123e+01
7.464075660559363712e+01
7.435855280867176020e+01
7.407315715179136362e+01
7.378122235284359931e+01
7.349897009462560504e+01
7.323180174535804099e+01
7.293762310661341530e+01
7.266198095039813154e+01
7.238623174200333210e+01
7.209497613535585003e+01
7.181382634587397717e+01
7.155256900901657957e+01
7.125424379324961421e+01
7.096862726182472159e+01
7.070869356031937514e+01
7.040509609234113952e+01
7.013329289575710845e+01
6.986755529148868504e+01
6.954170442558655907e+01
6.924944597461615103e+01
6.896833705679226512e+01
6.866020242099632753e+01
6.837118214689172646e+01
6.808827005290316947e+01
6.777025602370970603e+01
6.745434846583721367e+01
6.714561971588346978e+01
6.684028033319454210e+01
8.884222070643237146e+01
8.852553862108808858e+01
8.818256481801013535e+01
8.787044540190673558e+01
8.756222685175535503e+01
8.726054454768623714e+01
8.693242129788876582e+01
8.660585900827949501e+01
8.628213223530819675e+01
8.601033954119660052e+01
8.570434763436674075e+01
8.539504460522370266e+01
8.506701034656538241e+01
8.472042701529119313e+01
8.442227025564493204e+01
8.412773195458504460e+01
8.381141677457340222e+01
8.347565536843588063e+01
8.317029638774990019e+01
8.285396006302950411e+01
8.252231391660146187e+01
8.221109996246467233e+01
8.185017315500425639e+01
8.151303455158732447e+01
8.119415264126986642e+01
8.085615343140614186e+01
8.050777488610127364e+01
8.020169763534924812e+01
7.986627793212331028e+01
7.952722058298259356e+01
7.920780122178369709e+01
7.886622231058558441e+01
7.853451852854981041e+01
7.821230290093608062e+01
7.788737732776334610e+01
7.755906116352976198e+01
7.722376057963307971e+01
7.688444234600358129e+01
7.655481491657856452e+01
7.622260465956607334e+01
7.586374928414690544e+01
7.552626467020049006e+01
7.518278055005472993e+01
7.482737159024405571e+01
7.450982918762137786e+01
7.417088896927987207e+01
7.385268403781816460e+01
7.352880205910599898e+01
7.317427171568147060e+01
7.282967330034870201e+01
7.251885779048120639e+01
7.216257086238570650e+01
7.186794953903826411e+01
7.158551601600623826e+01
7.128694407733402727e+01
7.098165806914222742e+01
7.072732895559205701e+01
7.047019662378275484e+01
