1.236666254988616313e-02
1.236666254988616313e-02
1.236666254988616313e-02
1.236666254988616313e-02
1.236666254988616313e-02
1.499315304874712984e+00
1.499315304874712984e+00
1.499315304874712984e+00
1.499315304874712984e+00
1.499315304874712984e+00
1.236666254988616313e-02
1.236666254988616313e-02
1.236666254988616313e-02
1.236666254988616313e-02
1.236666254988616313e-02
1.236666254988616313e-02
1.499315304874712984e+00
1.499315304874712984e+00
1.499315304874712984e+00
1.499315304874712984e+00
1.499315304874712984e+00
1.935455143984563323e-02
1.828134114902954868e-02
2.063401874864131263e-02
1.895387298825095684e-02
2.036019397568306077e-02
2.040456713576614331e-02
2.067923989908623111e-02
2.136013564950864710e-02
2.044937914336369608e-02
2.072577789157355882e-02
1.498810054381431334e+00
1.485356326788410009e+00
1.456606277697419127e+00
1.361483344946252894e+00
1.200928259874830983e+00
1.028093798166284323e+00
8.800476896965946372e-01
8.133592138850395115e-01
7.312805721752273502e-01
5.957672538008716989e-01
4.722745004968436078e-01
3.444121496600213717e-01
1.821384708664617325e-01
9.180288726313126646e-02
1.604261834818702104e-01
3.146267128216192477e-01
4.583297802110511965e-01
8.802738301261684439e-01
7.153404516889732001e-01
5.514646565785064070e-01
4.133792815239399343e-01
2.785970637852616116e-01
1.132637382405564108e-01
1.452999528087552727e+00
1.283990262659690407e+00
1.166918259537522040e+00
5.260659819719918362e-01
6.558761477313701516e-01
8.447304458198149346e-01
9.739018249634959767e-01
1.157551390091102306e+00
1.278870130116554593e+00
1.436020373573471121e+00
1.562658609595260817e+00
1.732163216554909457e+00
1.862251408061863955e+00
5.167995266925631270e-01
8.717714485869928476e-01
7.145420205370495159e-01
5.762628891553535082e-01
4.006505846251441905e-01
2.759378357629526102e-01
1.506329919658090655e-01
1.471308631116749588e+00
1.343230838985756126e+00
1.218098186552226903e+00
1.061147970955466535e+00
9.308633766016269906e-01
7.787703062230678652e-01
6.539975495817720308e-01
4.852327754551392092e-01
3.351318608648936048e-01
1.623439047413860470e-01
1.037411448655908008e-01
2.318483296322659815e-01
1.198176357000662495e+00
1.004442741528668304e+00
8.627840704423967999e-01
6.778036313715560812e-01
5.440241803140006827e-01
3.748387254433466764e-01
2.610085181749080552e-01
1.801484624832958570e-01
2.071359769881370994e-01
3.166872167092190105e-01
4.319429811194544500e-01
6.041312989243083909e-01
7.452402032069802562e-01
9.157153698166627942e-01
1.044367019454038203e+00
1.196581471284345888e+00
1.356390003497290442e+00
1.519868058363043950e+00
1.661391947045870454e+00
3.294133218726172929e-01
5.062282933350653602e-01
6.462358614013773428e-01
7.960618642632500963e-01
9.082424198899462509e-01
1.088958785241451732e+00
1.239492464527014892e+00
1.411196253597837957e+00
1.551992542069690284e+00
3.087130739143421065e-01
4.344365045195036079e-01
5.965552855887686912e-01
7.131485539376349880e-01
8.666272356470321458e-01
1.016378096215141191e+00
4.176521645336152000e-01
2.769515885746282602e-01
2.111919124949639126e-01
2.330900063678199574e-01
2.844711403523162430e-01
1.221850858237812254e+00
1.115054265074162165e+00
9.784370410319439548e-01
8.627197789677616413e-01
7.333022873972615541e-01
5.854071849801302241e-01
4.823221883597835768e-01
3.580268849059905500e-01
2.662051807748096466e-01
2.100176235681008585e-01
2.412240554740635035e-01
3.789701432501075828e-01
1.093991399100541217e+00
9.466239941248132395e-01
8.017879219360497522e-01
6.728722954270092149e-01
5.338651735442666579e-01
3.978232119875538819e-01
2.546192172729999648e-01
1.598537114797200287e+00
1.457273637055096049e+00
1.353460516244671119e+00
1.225505741124808035e+00
1.125754545516012728e+00
1.024510053754738470e+00
8.758120775752259446e-01
7.724731321674375151e-01
6.027720789464217077e-01
4.830705939810729932e-01
4.018662826107450292e-01
3.289227020844840421e-01
2.750716852401532408e-01
2.425539072397836227e-01
2.456018360392573652e-01
3.559485658180590595e-01
4.439981761918038727e-01
5.774411390743608985e-01
6.919076020844181496e-01
8.418918548291878245e-01
9.943134594644921220e-01
1.094579275097492754e+00
1.263613014549142211e+00
1.374122219645738552e+00
2.846160411093317522e-01
3.513279970529139540e-01
4.385318129230297290e-01
5.253195867497981730e-01
6.407663440912398922e-01
8.204144698298532212e-01
9.303357661326867589e-01
1.042748867611066110e+00
1.112147224012999480e+00
1.182791771531516822e+00
1.244560153842406924e+00
1.338347212643379081e+00
1.436077454050059599e+00
1.554348198877867349e+00
3.179136125486021203e-01
4.174856988679637171e-01
1.125107247858291970e+00
9.736664232002535391e-01
8.531877824553311118e-01
6.977280459473594876e-01
5.772429800699818703e-01
4.258554685393709516e-01
3.393745279791835490e-01
3.167142667585990390e-01
1.458540168114782265e+00
1.287836597757556767e+00
1.164952780157752610e+00
1.013406577334003744e+00
8.862328811749288215e-01
7.590655821160604555e-01
6.378900559560640726e-01
1.133150475538678759e+00
4.446113678585555395e-01
1.398230526784659311e+00
3.243709703817141965e-01
3.506409849580260363e-01
4.397839363350762865e-01
5.373512980351667911e-01
6.509934889332213981e-01
2.221548319275779004e+00
2.367535884265899782e+00
2.508154638609975340e+00
2.653476144081239774e+00
2.850582856148521138e+00
2.979013889801223502e+00
1.680807426163163587e+00
1.789633958582689699e+00
1.961220764625640767e+00
2.068869553561060837e+00
7.861051684903540560e-01
9.058023451359307199e-01
1.057107566855983727e+00
1.224567132069902975e+00
1.332450656641522402e+00
1.507916748394270146e+00
1.631059777772972952e+00
4.798775001708482923e-01
5.469208957793423309e-01
6.803605110516608434e-01
8.087551758025144366e-01
9.857813729002539160e-01
1.107173797385924363e+00
4.878029010857418690e-01
4.309237115354818681e-01
3.659561135308591062e-01
1.423773708598765841e+00
1.304831724026088269e+00
1.155093031846069707e+00
9.910623716253669224e-01
8.296545048672825384e-01
1.025718854641119560e+00
1.177874510329340652e+00
1.311500952819758314e+00
1.450047442815812326e+00
1.573296341846048385e+00
1.706913627911167630e+00
1.834012481389786453e+00
5.797624694490703945e-01
6.679742783950665119e-01
8.459578798296989444e-01
2.407630782254559065e+00
2.559174803828368816e+00
2.669803152160304283e+00
1.345145750002165075e+00
1.499501001598600558e+00
4.912202850309379532e-01
5.097665786734243420e-01
5.940671502355371336e-01
7.303228061975232110e-01
8.252858582033357759e-01
9.156136029615585814e-01
7.532554831053722699e-01
6.725785503664154508e-01
6.093995168840257159e-01
5.008072969150326736e-01
4.549410095674946142e-01
4.766054236710007830e-01
5.363046382934760770e-01
5.923311786822579306e-01
1.171184487852396261e+00
1.080289120138723247e+00
9.663417786610033478e-01
8.770301553766344238e-01
7.422641126404786460e-01
6.269265537632628948e-01
5.708111655185650335e-01
5.559185315690078344e-01
5.769033415855476798e-01
5.979852020436572380e-01
1.311565893605161293e+00
1.160963854877256063e+00
1.033347764194028739e+00
9.500136315677891741e-01
8.037241331213069717e-01
7.206758123096779212e-01
6.442384020241599396e-01
6.352956180527237207e-01
6.046012851610346184e-01
5.943277602349316124e-01
6.357711927840632438e-01
7.714533020956757525e-01
8.513943902424168098e-01
9.531632137503901481e-01
1.019391236725743832e+00
1.166101170002481258e+00
2.752804473963797793e+00
2.866574835422016410e+00
3.042502781716216020e+00
3.154152570182771953e+00
1.897705520915454969e+00
7.406020965359562114e-01
8.283327130066552302e-01
9.190872016459092908e-01
1.059697735064009994e+00
1.195708592943527160e+00
1.337976317289217620e+00
1.473810554602376754e+00
1.604640182599109011e+00
1.787670081996865390e+00
7.300795007912647128e-01
7.972367055400874092e-01
1.112729949660648865e+00
9.604171193397020856e-01
8.561155389515756609e-01
7.079393394836580589e-01
6.279480571418101231e-01
6.182693437742683429e-01
6.735213580024150826e-01
7.231621686972650176e-01
7.967121446380195371e-01
9.201231007982146881e-01
1.074660763509351247e+00
8.667319639494358574e-01
7.400643493440309806e-01
6.785774967690973991e-01
6.827720303089654941e-01
7.163008472983285468e-01
7.512282997828303444e-01
8.102753047834705402e-01
9.353234079187641159e-01
1.020156854874036734e+00
8.727546658650815470e-01
7.701968520754622904e-01
7.219863907387261692e-01
7.271541455693154576e-01
7.300407059480713556e-01
7.370171175605201297e-01
7.953428403284217296e-01
9.361193673266449133e-01
1.041595564044738076e+00
1.162406412297944946e+00
1.276616945836161143e+00
1.510435800193103084e+00
1.624417650043493033e+00
1.771310809337707903e+00
1.920822775867708554e+00
8.794652068762497388e-01
1.015123700713943311e+00
1.118131082373249763e+00
1.235331312775031609e+00
1.355835827203557775e+00
1.533375716973380598e+00
1.669734736045620060e+00
1.858995706037639417e+00
1.979863811130134987e+00
2.172657931197543579e+00
1.045113642310857793e+00
1.144342656045844953e+00
1.247630892952310111e+00
1.397674333409158365e+00
1.562238773995311414e+00
1.698897702550848932e+00
1.851140467679065260e+00
1.978498513685777116e+00
2.154684198392893268e+00
2.299975646502454119e+00
2.463762014643235521e+00
2.573783447924970158e+00
1.388719583548926106e+00
1.525152138476198127e+00
1.691331540259935373e+00
8.393201256068789640e-01
9.193557331759251161e-01
1.011995075758566731e+00
1.092640880342187204e+00
1.185048047094642065e+00
1.306706313191283497e+00
1.488338922399429887e+00
1.641952533649782442e+00
1.790643149993048633e+00
1.963340355941244120e+00
2.133299701899515011e+00
1.307446007958893430e+00
1.160784220784924159e+00
1.109027157087115523e+00
1.089730889704608296e+00
1.077567351294718367e+00
1.009839071161222623e+00
9.456506436655035541e-01
9.442160107638212230e-01
9.759520593324659821e-01
9.759438807201107347e-01
9.535988685975890222e-01
9.593489183711625401e-01
1.056414396858383897e+00
1.118013148659928513e+00
1.164321336195534462e+00
1.204387886090428905e+00
1.144694519277895450e+00
1.111178663897425478e+00
1.082636137787368336e+00
1.005343625562806098e+00
9.719206737600316615e-01
9.924684258478891907e-01
1.022742285772166637e+00
1.027428243021766052e+00
1.024693800553500234e+00
1.083337220547385460e+00
1.202616653573140182e+00
1.272533230711399677e+00
1.325002757674903497e+00
1.368448154604697820e+00
1.491900457771327293e+00
1.633290404556224207e+00
1.746298481685748305e+00
1.890757539643689089e+00
1.989592146563992747e+00
2.133842649376188838e+00
2.260995879110370144e+00
2.388917548228353560e+00
2.513482407942809083e+00
2.680148665114989281e+00
2.812090298536213950e+00
2.954177922964347669e+00
3.061628844379819636e+00
3.196505318172377486e+00
3.347097152987552171e+00
3.490184600130400661e+00
3.621912721686848968e+00
3.736835701313296454e+00
3.883002081616356627e+00
4.019274936526210595e+00
4.148748096651481809e+00
4.296255572331527439e+00
4.468498542004125440e+00
4.603359782035441050e+00
4.769220768623592122e+00
4.887186494051022123e+00
5.048211475331950027e+00
1.201659575171177163e+00
1.279188863274943966e+00
1.345193908878129951e+00
1.461863464408039270e+00
1.572838493199550935e+00
1.693547693344146010e+00
1.771002885544098238e+00
1.880723678305278979e+00
2.029689094288260609e+00
2.152767388346006339e+00
1.171945602058479086e+00
1.226749207400110953e+00
1.335525637520133424e+00
1.438805828783646490e+00
1.539818513452720028e+00
1.633959249515427814e+00
1.759305237046841830e+00
1.878984522651387934e+00
2.011980312493245382e+00
2.107774835583450912e+00
2.244593213040086077e+00
9.436163732385528524e-01
8.878437462119046497e-01
8.473813166198712610e-01
8.486031825069579870e-01
9.196479803689457944e-01
9.779150042956261668e-01
1.017147717841518695e+00
1.086436934788918229e+00
1.195541065952807402e+00
1.300198327365157391e+00
1.396162129615706071e+00
1.497769438257696484e+00
1.640919094179522641e+00
1.773327325794281872e+00
1.886761005024201188e+00
1.994251748896924026e+00
9.774876182292859816e-01
1.071259268239438400e+00
1.171853879897216233e+00
1.243567277453807574e+00
1.364473009340017251e+00
1.493403784209195173e+00
1.613209907146939459e+00
8.743276112069716666e-01
9.256783959689206531e-01
9.663820056921398338e-01
1.002190175420513363e+00
1.033127893988233348e+00
1.154356833294926998e+00
1.270209583569405165e+00
1.365949560146991759e+00
1.461363974008888844e+00
1.587361864804745171e+00
1.707104079389120566e+00
1.842008060795053748e+00
1.952232374540272319e+00
2.107885378742108351e+00
2.263519553162519848e+00
2.402761432441556710e+00
2.536996990408013186e+00
2.664453953367240668e+00
2.834899023387165595e+00
2.960835387462067203e+00
3.132199785863570618e+00
3.278708314569341642e+00
3.451591519786221252e+00
3.588332286371740842e+00
3.744837532519171397e+00
3.886096409023813258e+00
4.028120639389570989e+00
4.155931662985331343e+00
4.323909729553808035e+00
4.468888830920269228e+00
4.625716734341281722e+00
4.786423793530452109e+00
4.950434218284118337e+00
5.106573890695749185e+00
5.248887346011613886e+00
5.436362820149554409e+00
5.613360618934090773e+00
5.759695445934342573e+00
5.916145992165008138e+00
6.096477996271571165e+00
6.250747589926844761e+00
6.403178234612689756e+00
6.533719663645841003e+00
1.489461662950094301e+01
1.504976233006927089e+01
1.522140191375331852e+01
1.536557824569790398e+01
1.554241218800119206e+01
1.569930527616630300e+01
1.590316042637440930e+01
1.606097740561121157e+01
1.625726016313846145e+01
1.640458658380895685e+01
1.661203606786365583e+01
1.674783955848878492e+01
1.692603248437493590e+01
1.708434505369884349e+01
1.730972977162612025e+01
1.747453267202793015e+01
1.768304795121936834e+01
1.786713312527383124e+01
1.808724950158612899e+01
1.823326069208537703e+01
1.842469392551142349e+01
1.856006178495584180e+01
1.876288737685004193e+01
1.892338727816805743e+01
1.913811231245982469e+01
1.931519132088151380e+01
1.950696644192703033e+01
1.968067559849899695e+01
1.989023809108212859e+01
2.007700013915954784e+01
2.030523592849677428e+01
2.989594511698571822e+01
3.007549045234265961e+01
3.029271625316668093e+01
3.048393752600818019e+01
3.066861963476103625e+01
3.085084396653098082e+01
2.968313612230258158e+01
3.123602748784731276e+01
3.147079128411627025e+01
3.164270364416499248e+01
3.187943870305956651e+01
3.205770037716735033e+01
3.227638325031296773e+01
3.245685703268524236e+01
3.263353252879492317e+01
3.280368213515261289e+01
3.297523658990861861e+01
3.316085381422734457e+01
3.336169532154151085e+01
3.352551574362829001e+01
3.372168759497927937e+01
3.387853086324519580e+01
3.411780928906435406e+01
3.430113761103939396e+01
3.453313919419423428e+01
3.476421598835403870e+01
3.494681831994260079e+01
3.516475136791658684e+01
3.537053610368385392e+01
3.560651485932401528e+01
3.577417504820926553e+01
3.592819191115724919e+01
3.610418050896428355e+01
3.632585094002378412e+01
3.647797049930961322e+01
3.666887157194882718e+01
3.681084705732514806e+01
4.964423071526114484e+01
4.976414894231121622e+01
4.992951753374362056e+01
5.005934130058462728e+01
5.025518940867083018e+01
4.900439068576764612e+01
4.918890806908044766e+01
4.932630085516485252e+01
4.949640128434904796e+01
4.961123197617412472e+01
4.976775584006384179e+01
4.989303200126889237e+01
5.007545894676609777e+01
5.021778924279114875e+01
5.035788381664583824e+01
5.051099835738337873e+01
5.069807669117012239e+01
5.085246948685585267e+01
5.101635167395692605e+01
5.116771663922521896e+01
5.135773772263936365e+01
5.148264810211809817e+01
5.167247178718816514e+01
5.040576538738108070e+01
5.060702355388215778e+01
5.076249269183614388e+01
5.094236134749461087e+01
5.112117296740363059e+01
5.133795940927466006e+01
5.151780088842574656e+01
5.169258134710946706e+01
5.186374752306033997e+01
5.205892118508042898e+01
5.223977038092423442e+01
5.241427633197989167e+01
5.262588104666743760e+01
5.281057413410668744e+01
5.299421581593968256e+01
5.315917392618874260e+01
5.336223311778645950e+01
5.351253097079194987e+01
5.369810027224285420e+01
5.384827821468012843e+01
5.406137912016065883e+01
5.421495522689271951e+01
5.442106542656724599e+01
5.460004332802072469e+01
5.476772396499460882e+01
5.492415719503705418e+01
5.510203150937569205e+01
5.531869818678096351e+01
5.548388385824732438e+01
5.566536383687365941e+01
5.583891077988653251e+01
5.602468297002618414e+01
5.619337322820454972e+01
5.637567293596931961e+01
5.654566838849665800e+01
5.677709819550859294e+01
5.695744603638488002e+01
5.714539733279450928e+01
5.729333406522361827e+01
5.750070971722852420e+01
5.764686189874733913e+01
5.781223359547793450e+01
5.793231281064252158e+01
5.812407244696463238e+01
5.826987140219658556e+01
5.844821629445819156e+01
5.857236980002736004e+01
5.879404163079458101e+01
5.895668795983819166e+01
5.915917454306764256e+01
5.932231435213179793e+01
5.954115547248774476e+01
5.968365159818783638e+01
5.986774686689653890e+01
6.000874437563891206e+01
7.577552994649767015e+01
7.591039342909148502e+01
7.610256632404838228e+01
7.624685069505528645e+01
7.643178355066670804e+01
7.655915966772079173e+01
7.674907301153110950e+01
7.690640553067484575e+01
7.709508593562361511e+01
7.724519025884451651e+01
7.741979488275148924e+01
7.762565357658213827e+01
7.786039407820699410e+01
7.801847154148528318e+01
7.820153239918151655e+01
7.837631939425278915e+01
7.857235176016145317e+01
7.873644974115731543e+01
7.891090534525297073e+01
7.911538150286564530e+01
7.931397629979639419e+01
7.949666465991808195e+01
7.966947671752548388e+01
7.989259234046426172e+01
8.004485845090465546e+01
8.021466262790461599e+01
8.038450175571398404e+01
8.063395328359308678e+01
8.078585474647925935e+01
8.100415042193911574e+01
8.118596112081409899e+01
8.135801505904646547e+01
8.151879906032108636e+01
8.170728302267069409e+01
8.189154716581903415e+01
8.208192378000116207e+01
8.221115881735042308e+01
8.240123657556405590e+01
8.255875270071322802e+01
8.276636115549983685e+01
8.289942425275137339e+01
8.308524429487930263e+01
8.323315746355555689e+01
8.345520961907304525e+01
8.360715752202162321e+01
8.381912557448322332e+01
8.395306714694592642e+01
8.415234274237390366e+01
8.428481099470704407e+01
8.445437824005931304e+01
8.461219666793755323e+01
1.034585744066290829e+02
1.036095186040437142e+02
1.037964643503924691e+02
1.039415612559354685e+02
1.041292404181789806e+02
1.042817474394416308e+02
1.044594205553509738e+02
1.046204241101683152e+02
1.047973703928463465e+02
1.049642177210681098e+02
1.051363413851016873e+02
1.052919559908405631e+02
1.054984378503169751e+02
1.056629136855915334e+02
1.058178701231389027e+02
1.059756582716023985e+02
1.061442775044710345e+02
1.063101019099928521e+02
1.064400790494170366e+02
1.065938717732793748e+02
1.067086228432817165e+02
1.069212919558260211e+02
1.070359687992342259e+02
1.072209504059542553e+02
1.073403515980730418e+02
1.075466661806843547e+02
1.076854147281944591e+02
1.078485317219736430e+02
1.079941203641932361e+02
1.081684781017004156e+02
1.083324045263970561e+02
1.085016507228003348e+02
1.086771126507046716e+02
1.088575751291497937e+02
1.090260451363178476e+02
1.092136235994686189e+02
1.093789833875427746e+02
1.095665351207656357e+02
1.097289563784176494e+02
1.098706076033814014e+02
1.100585527994015536e+02
1.102269282877922336e+02
1.104274525587690334e+02
1.105786648592678034e+02
1.107478411886477829e+02
1.108693036498574997e+02
1.110798611012528028e+02
1.112534872552967187e+02
1.114351425237695992e+02
1.115951484810764072e+02
1.117941234846258993e+02
1.119710892904222135e+02
1.121270913750349649e+02
1.122865266326132740e+02
1.124755301598399626e+02
1.126838756753351021e+02
1.128446384683934838e+02
1.130341275081515278e+02
1.132063697384814844e+02
1.133906256449123333e+02
1.135787357086195897e+02
1.137884840961670960e+02
1.139492304667766689e+02
1.141291336987894880e+02
1.142765650483258781e+02
1.144707824803496692e+02
1.146530932744390867e+02
1.148698361840522324e+02
1.150408166072261906e+02
1.152484143571608115e+02
1.154283282663727164e+02
1.156308726680461803e+02
1.157742373118528718e+02
1.159436166588904058e+02
1.161206246237220370e+02
1.163383361955101520e+02
1.165193120196800578e+02
1.167066349332731789e+02
1.168732157746191831e+02
1.170548751168803960e+02
1.171761650063811970e+02
1.173453983820827204e+02
1.175022403545437442e+02
1.176692926685291951e+02
1.177804261057345059e+02
1.179527232130957088e+02
1.180889643939026570e+02
1.182715062528114771e+02
1.183918563506564823e+02
1.185777164233628014e+02
1.187115517570991869e+02
1.189128731070638594e+02
1.190368493560217473e+02
1.192096327818479153e+02
1.193639786960130493e+02
1.195236606851970151e+02
1.196995929362695534e+02
1.198453028021591535e+02
1.199874338205249700e+02
1.200718060922199868e+02
1.201072175276734981e+02
1.200839536097297184e+02
1.200246951034566223e+02
1.199649446258901406e+02
1.199091230380976754e+02
1.199092199112497070e+02
1.198991139337642693e+02
1.198391063243546739e+02
1.197762368780412743e+02
1.197393955521423976e+02
1.197137572787778481e+02
1.196710533699439054e+02
1.195885581953210277e+02
1.195517266208250646e+02
1.195360695790202641e+02
1.195078911954740448e+02
1.194367266510531493e+02
1.193926401281927525e+02
1.193510613550610344e+02
1.192801539555260746e+02
1.191875286614326654e+02
1.191417254261980929e+02
1.191242600279950210e+02
1.190642210913444501e+02
1.189926762404379019e+02
1.189509506055292576e+02
1.189139216686045586e+02
1.188711223322031998e+02
1.187904417920597240e+02
1.187495639420892104e+02
1.187289096281641179e+02
1.187041666015526005e+02
1.186295478513715551e+02
1.185849458573312489e+02
1.185554865995323439e+02
1.185425128562933281e+02
1.184756880684701343e+02
1.184114921304574466e+02
1.183961147732626102e+02
1.183912003733866953e+02
1.183488489647369164e+02
1.182749846308694686e+02
1.182427702073219820e+02
1.182212128755714389e+02
1.182007672405734837e+02
1.181094271374554410e+02
1.180518339763018076e+02
1.180173369943195780e+02
1.180030584805897291e+02
1.179437157863460754e+02
1.178875425612544632e+02
1.178599465275889031e+02
1.178409067239502690e+02
1.178006446112049019e+02
1.177178732576450102e+02
1.176672859702260325e+02
1.176386786924199583e+02
1.176294359995500400e+02
1.175699985519816266e+02
1.175174281825878495e+02
1.174815115494972986e+02
1.174677423839283819e+02
1.173918586911729420e+02
1.173186281895851550e+02
1.172953167495678173e+02
1.172805657580641849e+02
1.172169802608509883e+02
1.171479624949971310e+02
1.171194119561020273e+02
1.171047655249311106e+02
1.170606264374976178e+02
1.169941529387584040e+02
1.169563774164867311e+02
1.169487444443556967e+02
1.168994415698483778e+02
1.168332471992323462e+02
1.168325429331103749e+02
1.168267456990953548e+02
1.167771774577157657e+02
1.167002490196211397e+02
1.166710452907978919e+02
1.166299832058193147e+02
1.165754243891802275e+02
1.165294535169481662e+02
1.164864275942412917e+02
1.164405972537678196e+02
1.163782687333754780e+02
1.163647407969529723e+02
1.163463781055691584e+02
1.163146501825358143e+02
1.162430829423916236e+02
1.162082493470344673e+02
1.162120315144197207e+02
1.161881318965528038e+02
1.161250136855789208e+02
1.160844372131292204e+02
1.160832224571013285e+02
1.160768215559833578e+02
1.160211855374175656e+02
1.159651920840917825e+02
1.159512455111345304e+02
1.159384127444443067e+02
1.158853569142758460e+02
1.158375117463109376e+02
1.158419656800648312e+02
1.158599165024117639e+02
1.158142515472062541e+02
1.157421610650704764e+02
1.157130985064272721e+02
1.157214990783017754e+02
1.156866207114997422e+02
1.156439520765734983e+02
1.156387607312142194e+02
1.156212555696445747e+02
1.156003491428665484e+02
1.155388443272077126e+02
1.155033288071315525e+02
1.155193005011138325e+02
1.154966188692286124e+02
1.154438414070390451e+02
1.154193656236723200e+02
1.154270548588518466e+02
1.154004993304008764e+02
1.153491743629107020e+02
1.153269646585196426e+02
1.153276224480236749e+02
1.153082753253582808e+02
1.152559795981676558e+02
1.151914409566875435e+02
1.151924912603272446e+02
1.151944537602405347e+02
1.151795801437179847e+02
1.151447166216558742e+02
1.151348537276676751e+02
1.151417846056451992e+02
1.151534815023496634e+02
1.150942141000408583e+02
1.150427093077683338e+02
1.150255642936999294e+02
1.150537470061894112e+02
1.150444707612394808e+02
1.149804588820258999e+02
1.149493957261656902e+02
1.149537019317059219e+02
1.149521203298731109e+02
1.149290640127214260e+02
1.148625166031578857e+02
1.148455943498080103e+02
1.148584179930568325e+02
1.148571768211895971e+02
1.148118531473791677e+02
1.147581647520333945e+02
1.147514621773537016e+02
1.147644248120223551e+02
1.147304923740657046e+02
1.146696060433330047e+02
1.146580386353860916e+02
1.146908537727246227e+02
1.146765772296831045e+02
1.146066901255094308e+02
1.145690718235494074e+02
1.145802010286092383e+02
1.145763350229825193e+02
1.145352608765246032e+02
1.144973521683228199e+02
1.144852939489509822e+02
1.145094896790481869e+02
1.144767252431374800e+02
1.144300540905471024e+02
1.143978576833357863e+02
1.144229660918766172e+02
1.144263367005724348e+02
1.143788255598963985e+02
1.143410495407849226e+02
1.143507692887515503e+02
1.143670306736358384e+02
1.143237830507231365e+02
1.142709662957893926e+02
1.142720018314129504e+02
1.142792908560594327e+02
1.142666550921490511e+02
1.142081259696546454e+02
1.141975126035335677e+02
1.142042594596470764e+02
1.141895193817516514e+02
1.141289148230989667e+02
1.140970782769178271e+02
1.141069497622739846e+02
1.141279672384975470e+02
1.141111384716529358e+02
1.140693223253459081e+02
1.140722851917280138e+02
1.140927201293231974e+02
1.140804380525560333e+02
1.140174044547235326e+02
1.139993507536522088e+02
1.140273439163441509e+02
1.140397152315256761e+02
1.139851695452231013e+02
1.139586304315016889e+02
1.139527214939497242e+02
1.139767004858889266e+02
1.139650925704531375e+02
1.139269767367589310e+02
1.139331971095868283e+02
1.139722191220554919e+02
1.139667251363638911e+02
1.139232219028855724e+02
1.139004895853540660e+02
1.139137200020732195e+02
1.139328033641660625e+02
1.139141663252521539e+02
1.138695240963681954e+02
1.138741802313759592e+02
1.139022504740077153e+02
1.139152344232058027e+02
1.138882607677989824e+02
1.138574151808588510e+02
1.138618823265249489e+02
1.138802340844702030e+02
1.138721273640410061e+02
1.138295157345316539e+02
1.138120822982796483e+02
1.138269637734796902e+02
1.138452017611625706e+02
1.138479591333502015e+02
1.138066018216648416e+02
1.137802722862314084e+02
1.137940354982432893e+02
1.138210070980013597e+02
1.138116287118098171e+02
1.137540708539213625e+02
1.137449599562070119e+02
1.137700770625182827e+02
1.137713565326613292e+02
1.137529457565404698e+02
1.137176404652719413e+02
1.137088755229963510e+02
1.137285382335457484e+02
1.137239390507973553e+02
1.137024927960920735e+02
1.137005609904629893e+02
1.137415119746345056e+02
1.137548342487639559e+02
1.137397027622624677e+02
1.137017919998675524e+02
1.137028764557313849e+02
1.137496996251451549e+02
1.137640847097483316e+02
1.137330511012395959e+02
1.136961606704750523e+02
4.939500954152443057e+01
4.952921578384976442e+01
4.968000233263010301e+01
4.888278466124120314e+01
4.903841314066094270e+01
4.917135505449066812e+01
4.932249961265683424e+01
4.942717529049720326e+01
4.956688592904594515e+01
4.973517716919970866e+01
4.983510772112501286e+01
4.993566015163503380e+01
5.004807748022294334e+01
5.020677205950006794e+01
5.029387795104235437e+01
5.039051619008795768e+01
5.039709439730297191e+01
5.035972329132485470e+01
5.028297402741313249e+01
5.016155491814425460e+01
5.007204651226245318e+01
5.003558934538615688e+01
4.996251839845812270e+01
4.990398445020832696e+01
4.979936382749613699e+01
4.972111015140263390e+01
5.051984534088177270e+01
5.038774693972390395e+01
5.024258489896352842e+01
5.018308312265081383e+01
5.007377951653673875e+01
4.996739658628953151e+01
4.986190872951177511e+01
4.979567084186831494e+01
4.975157276297643705e+01
4.969928337632102000e+01
4.958406729308514826e+01
4.951189622270278790e+01
4.943701794274506511e+01
4.937832896081155098e+01
4.933875167607136092e+01
4.921217176601393106e+01
4.914608091527192357e+01
4.909937005319680026e+01
4.907195638372238733e+01
4.900988413717121261e+01
4.892239836999559088e+01
4.888298290919424005e+01
4.884985234073467808e+01
4.884075380394431676e+01
4.876020512844124966e+01
4.867076601663968205e+01
4.863593148678773304e+01
4.861016667560755167e+01
4.860094291905024022e+01
4.852039282775989193e+01
4.843000943495272992e+01
4.835038678960660974e+01
4.832003476609529713e+01
4.831391144096589585e+01
4.825129752595804433e+01
4.817937619650951575e+01
4.815495150016123205e+01
4.815476022350780028e+01
4.812895939598944750e+01
4.810201225249644352e+01
4.809483923048079390e+01
4.809548679068910104e+01
4.809404457516708220e+01
4.808919819153702946e+01
4.805494055110991525e+01
4.804450948416472045e+01
4.797348071686764825e+01
4.786216808474083706e+01
4.779778372860801738e+01
4.773389118730011660e+01
4.768658346606701315e+01
4.756336038896608187e+01
4.749167236109770585e+01
4.742873218567790161e+01
4.737344198638177062e+01
4.725676969210173439e+01
4.716188647611970453e+01
4.709338552224871677e+01
4.705841270663135845e+01
4.699213056178938785e+01
4.688690718720054207e+01
4.681752526658173963e+01
4.676556561698038195e+01
4.669290233890297515e+01
4.657709579297837621e+01
4.651753418826261566e+01
4.646515450013153270e+01
4.643121854048051489e+01
4.630785923834450557e+01
4.622549188838436152e+01
4.614860971708372972e+01
4.610936878375624559e+01
4.605200936713151094e+01
4.596513782102254453e+01
4.592086965699283496e+01
4.586887343714430187e+01
4.583353039357788106e+01
4.572868561396970932e+01
4.568099118123206637e+01
4.562311204425663647e+01
4.560216241550221383e+01
4.551953721949710996e+01
4.543634512401483505e+01
4.538165565820902714e+01
4.535471838764988206e+01
4.530551783490191298e+01
4.520108757936673527e+01
4.515687312180697432e+01
4.510898300471225042e+01
4.508336810960499719e+01
4.496971860259986187e+01
4.489778058127626537e+01
4.484728791307860263e+01
4.482013432119914853e+01
4.475117691146072474e+01
4.466258903424888160e+01
4.461507902178926344e+01
4.459715375081950128e+01
4.456141640983981489e+01
4.444372543455329350e+01
4.439002276358382915e+01
4.435648664499825600e+01
4.434141094623876000e+01
4.422875873879949893e+01
4.416118349493858375e+01
4.411072494120246290e+01
4.408358022856864267e+01
4.402048138425775647e+01
4.394037144922612015e+01
4.390270657414474442e+01
4.386410665447358070e+01
4.382089426518805908e+01
4.374217000165326397e+01
4.369627319452447267e+01
4.367627471032152897e+01
4.365683902532914828e+01
4.357145144039109397e+01
4.351274815514251770e+01
4.346553723273286352e+01
4.344819111062334116e+01
4.338628152830654727e+01
4.330086531501419245e+01
4.326834144267078841e+01
4.325124431201848552e+01
4.317670064480652314e+01
4.309555369566687233e+01
4.306151868571661367e+01
4.305795222366823083e+01
4.302449628143399707e+01
4.293805253691635215e+01
4.291040594077099257e+01
4.290065642218591790e+01
4.286165631863009651e+01
4.277740643231864937e+01
4.271380794593996200e+01
4.271579964487364833e+01
4.269372097226332841e+01
4.262020004867385126e+01
4.259088492120247338e+01
4.255254869097901604e+01
4.253789783589322582e+01
4.246248035670664933e+01
4.241679377707118448e+01
4.240047769496672458e+01
4.239889022052796008e+01
4.232512696872369418e+01
4.226988310605725729e+01
4.223545277205577975e+01
4.223399465056433399e+01
4.217933905311453202e+01
4.211376167380022650e+01
4.208863340728085234e+01
4.209670622750055458e+01
4.207079562102569525e+01
4.200307843912258932e+01
4.197627390375747325e+01
4.196695963790715922e+01
4.194971748636184117e+01
4.188512842799411828e+01
4.184551025115337808e+01
4.182849799633935106e+01
4.183057010528546726e+01
4.178044611993177426e+01
4.173067611116570674e+01
4.169957626161109232e+01
4.169136547048544372e+01
4.164207394256501971e+01
4.160651109791815827e+01
4.159418020199646548e+01
4.159882663620646781e+01
4.153707463327252469e+01
4.152111236555831653e+01
4.154196683619811381e+01
4.154256528776552670e+01
4.149033184254053452e+01
4.146124180057611142e+01
4.147076990795258666e+01
4.147383966054542270e+01
4.143875381326456164e+01
4.141190556332193040e+01
4.142577147412401217e+01
4.144658535964320834e+01
4.141237156038797451e+01
4.136432935838314506e+01
4.137161265401780241e+01
4.139148289047706442e+01
4.138535750552676973e+01
4.134038233449053479e+01
4.133532082243667105e+01
4.136383926845603298e+01
4.136100379391629644e+01
4.131307887911526677e+01
4.129478232865699994e+01
4.132071662706979254e+01
4.134036957809492918e+01
4.130154617949225582e+01
4.125976502624841658e+01
4.126464982201269294e+01
4.131390259750764216e+01
4.131547210951924853e+01
4.128974805134443926e+01
4.128165388461398067e+01
4.130826607481552770e+01
4.132477233833636632e+01
4.131688581819284423e+01
4.128797788487391074e+01
4.129714780041965128e+01
4.132968961347508241e+01
4.132709837507022144e+01
4.131881541310972494e+01
4.132413730023250764e+01
4.136081456142951396e+01
4.135908229880235609e+01
4.133689750810958685e+01
4.132834014425106517e+01
4.137377963289892335e+01
4.139119507162970990e+01
4.137157528040736310e+01
4.137244856645079238e+01
8.062875609675332100e+01
8.053582640806149584e+01
8.032431446308909528e+01
8.019078334128214181e+01
7.999794704297571002e+01
7.985819956442171019e+01
7.965418680966767795e+01
7.949666592542438082e+01
7.932522439039340156e+01
7.916065776816469679e+01
7.903016907263018709e+01
7.886268893473121011e+01
7.868530068420230350e+01
7.851032295284898055e+01
7.834481087047680603e+01
7.814445675907384725e+01
7.794271562521382180e+01
7.777233751139318940e+01
7.760237376693608269e+01
7.744878609633224187e+01
7.726230473322583236e+01
7.709008966028837051e+01
7.693166872453321048e+01
7.676835089747275731e+01
7.662923909723861016e+01
7.644808004139486002e+01
7.633946827071785890e+01
7.613431689788399126e+01
7.600282629425677783e+01
7.577000582697796460e+01
7.565598203421795631e+01
7.545578922813305667e+01
7.532125265065364772e+01
7.514033336368788696e+01
7.496131927158575081e+01
7.481849382098280898e+01
7.461969647678211004e+01
7.441402324469756024e+01
7.426849934980644719e+01
7.409057446230515609e+01
7.392499482988327486e+01
7.374222078064120467e+01
7.358542788305661020e+01
7.342355404835062416e+01
7.324707243921085364e+01
7.309864874252259881e+01
7.292756312303689015e+01
7.280743613683645776e+01
7.259942088958213446e+01
7.245461622344417663e+01
7.224980508712508254e+01
7.214665199534908879e+01
7.193314923923131232e+01
7.179986843522581808e+01
7.160272648362781922e+01
7.146122215857648996e+01
7.126911836630421249e+01
7.115266794214920765e+01
7.094692862898949670e+01
7.083849052803263646e+01
7.062246922382058756e+01
7.046919000957839785e+01
7.024882850350965668e+01
7.015344001750527525e+01
6.997968306786437154e+01
6.987506718484183921e+01
6.972569067326158176e+01
6.961591087038418380e+01
6.949822603597755233e+01
6.933274010067253812e+01
