1.509921530440765824e+00
1.496442300160341077e+00
1.498013845580687065e+00
1.491390684907339725e+00
1.493816654917054176e+00
9.976879620422247560e-03
1.204908227613838388e-02
1.231549711589338854e-02
1.351156940140556609e-02
1.124592422458279423e-02
1.493454205548304659e+00
1.494585708712368843e+00
1.488262980516693146e+00
1.438622812481429758e+00
1.318167266712513719e+00
1.115971704813150778e+00
9.461335811294514508e-01
7.732550292600001152e-01
5.977294244412897362e-01
4.338952409258054477e-01
2.862602611597712121e-01
1.934939918902549294e-01
1.694445764516493702e-01
3.232703603614280330e-01
4.959406440464088628e-01
6.168547932056124283e-01
7.764747125312467801e-01
9.246854731701347196e-01
1.048280893959514293e+00
1.197715943442837494e+00
1.335419108454100501e+00
1.491923450686085673e+00
1.636236532653140729e+00
1.769595946896063365e+00
1.919213460673331317e+00
2.038515879658584495e+00
2.193577625894582273e+00
2.338653164480591684e+00
2.500421470359608378e+00
2.658309741075347343e+00
2.825520869022873249e+00
1.457185718594522061e+00
1.592617297544576482e+00
1.729012119652912016e+00
1.853459384620698591e+00
2.003450677501494415e+00
2.144434316977149813e+00
2.291264682301127120e+00
2.444917897790896966e+00
1.102539937721797036e+00
3.797189710397016471e-01
1.612563796338502442e+00
1.462126540285307641e+00
1.304748115534129838e+00
1.191069924946372982e+00
1.062798444231175976e+00
9.364609852881862206e-01
7.966928018108728748e-01
6.837686757663647974e-01
5.619275173343862839e-01
4.193405852040257842e-01
3.188370218007800516e-01
2.992710037085181685e-01
3.068585745014685284e-01
3.705972191868735499e-01
5.045025669179157291e-01
6.376816901830205664e-01
8.722613297393864151e-01
7.165036499849141149e-01
5.518319841763625888e-01
4.644796406501616182e-01
3.654694759930261494e-01
3.001793766724770718e-01
1.449784690348242755e+00
1.350557761750040386e+00
1.237289338009140760e+00
1.109001580583893087e+00
9.952205647781481312e-01
8.929958372980550951e-01
8.066208015215895477e-01
6.681351220950580982e-01
5.704495158442716152e-01
4.918214256398155126e-01
4.532405383797499243e-01
3.772439109947460234e-01
3.548649445131076274e-01
4.131004531600603880e-01
1.314435408307741637e+00
1.201824131414740426e+00
1.059809839734676240e+00
9.314552704794130111e-01
8.209947378740201085e-01
7.431175817987316634e-01
6.119167952593708160e-01
1.886557566293768362e+00
1.728002359202094995e+00
1.602718159909449991e+00
1.480802688721806870e+00
1.351251142961450213e+00
2.672162365378626614e+00
2.537137985114064076e+00
2.388071403937317427e+00
2.242375343178821367e+00
2.108033566367077061e+00
1.977852730540776260e+00
1.881979983082023411e+00
1.718546325160019705e+00
1.573427049897853092e+00
1.445562338660770552e+00
1.347205393206732937e+00
1.172817099888357362e+00
1.046684000064566522e+00
9.331096672031522488e-01
8.578526995193066496e-01
7.391655946620454554e-01
6.354150897472908843e-01
5.763776195636217681e-01
5.907012188894180671e-01
5.858590176791464987e-01
6.015363184770824434e-01
6.698245648270438890e-01
7.789681208466781026e-01
8.637679733738885535e-01
9.692280622275090129e-01
1.086555604464534586e+00
1.256305052268028577e+00
1.377523454364479427e+00
1.513907045815490182e+00
1.651226081944291657e+00
1.826455437222411327e+00
1.943548823052986041e+00
2.067305406043458138e+00
9.058078641010197662e-01
1.079024932047790042e+00
1.211440279338420467e+00
1.330826313987017340e+00
1.464057449703096259e+00
1.644128162345182886e+00
7.166170388697794547e-01
7.317489172504744177e-01
7.825858979078581523e-01
9.222102618878403879e-01
1.071878482330548943e+00
9.497388280336085398e-01
8.336357482684449982e-01
7.876580087214648529e-01
7.646649533652475350e-01
7.230028416761934418e-01
7.323251719213605959e-01
8.126851128020871062e-01
9.141750439618551161e-01
1.010742992479123581e+00
1.081406130971386714e+00
1.211506010433253344e+00
1.357181890975041050e+00
8.738477659565376809e-01
8.076903843084790591e-01
8.173968007430095772e-01
8.916594710038341365e-01
9.565388581809283197e-01
1.025598159519068631e+00
1.158907802395142905e+00
1.020191459583123406e+00
9.327176669052800184e-01
8.671054170290317664e-01
8.531727563173090445e-01
9.000990265103985255e-01
9.341503096919371307e-01
9.765830735185230260e-01
1.264397150650350632e+00
1.198110284536613168e+00
1.122219824395782606e+00
1.025014833208151233e+00
1.484527169759908949e+00
1.656712022604757584e+00
1.751595798251637248e+00
1.894916662482478698e+00
2.010120978430041117e+00
2.180585160645233778e+00
2.317738583274485009e+00
2.477341793485690946e+00
2.635202519543273780e+00
1.496834128913517414e+00
1.613980878186076717e+00
1.704792605360483826e+00
1.792380224995357763e+00
1.924960703698344489e+00
2.038990690439398179e+00
1.077076196301498312e+00
1.118005934616030705e+00
1.172093550647648863e+00
1.304065170900822634e+00
1.397937411942290264e+00
1.482859403783015617e+00
1.599228541135049531e+00
1.048378151374496969e+00
1.071132181259476512e+00
1.077112017635759589e+00
1.106604736442509118e+00
1.202803383955512562e+00
1.302401661207445382e+00
1.272394438021096974e+00
1.177622448270633226e+00
1.147218872875373608e+00
1.163241373825198544e+00
1.149554735134269201e+00
1.139262784336050993e+00
1.189088151948936689e+00
1.295305099443874841e+00
1.434364071040939770e+00
1.325005745629289189e+00
1.236275982265653717e+00
1.654289442065946414e+00
1.757816750468307321e+00
1.888986436202481300e+00
3.342181911225303281e+00
3.530141662971605143e+00
3.677655772758440467e+00
3.834241323865637430e+00
4.007605355202668918e+00
7.123523680510165157e+00
4.320006354335135690e+00
4.448949712062850281e+00
4.637311726602623807e+00
4.820823107831641252e+00
3.522424867862810505e+00
2.302852647799978669e+00
2.460715240374039325e+00
2.612136516773025274e+00
1.560350996995141237e+00
2.883730412426781076e+00
1.731484790428322373e+00
1.900903085892403421e+00
2.010190350855406649e+00
2.159002728426913986e+00
2.308889031486706767e+00
2.500685165250743580e+00
2.651409854949550837e+00
1.652390408646252418e+00
1.784002516408188077e+00
1.919159361012927612e+00
2.030121391854501134e+00
2.184715869067753946e+00
2.324769912410925343e+00
2.469517069991669533e+00
1.527990152266363699e+00
1.595818069913064852e+00
1.737972442716935628e+00
1.875645281227165784e+00
1.987380465965404852e+00
1.376381155015973912e+00
1.412564905332861498e+00
1.480042489475568823e+00
1.553299860353176021e+00
1.563641375138335121e+00
1.489736165157705017e+00
1.467609465203248975e+00
1.441751607770414667e+00
1.452100690548618456e+00
1.521207305699972423e+00
1.747337547494478560e+00
1.611517871030598181e+00
1.548236265194627981e+00
1.535324005083578802e+00
1.524814761074657854e+00
1.484506987990368954e+00
1.506565308573683870e+00
1.593867141100727691e+00
1.687697955558675300e+00
1.786126420159265482e+00
2.467667570681308487e+00
1.596494731412715362e+00
1.585382930757927689e+00
1.573769039713466711e+00
1.619233856059387078e+00
1.687030146921867146e+00
1.782736395065908086e+00
1.897329872758941605e+00
2.070740901791421784e+00
1.654735471717418971e+00
1.651779717984279250e+00
1.708926604929382975e+00
1.806929343196461035e+00
1.881637064925162584e+00
1.950902295057143299e+00
2.071295425995633988e+00
2.200760606893470417e+00
2.307543036465752539e+00
2.399271495258948672e+00
2.521332152100232982e+00
2.654565599880789772e+00
2.754245055777953421e+00
2.877753760520565862e+00
3.027044218880910798e+00
3.180018672667352941e+00
3.322573797241173743e+00
3.434883770191397456e+00
3.597871039862904574e+00
3.754053765093079864e+00
3.911726438790437577e+00
4.046576012085782992e+00
4.241634124379555892e+00
4.383571075949940443e+00
4.585796263781616311e+00
4.739405000157067782e+00
4.951215157423122015e+00
5.134147094515612686e+00
5.290592294469455226e+00
1.132826317318555809e+01
1.151319025237988924e+01
1.165192123818228254e+01
1.180947844406014546e+01
1.199715772236159417e+01
1.220220961852113284e+01
1.234821393162141590e+01
9.525376056633506394e+00
9.696343357358898629e+00
9.876923942654816102e+00
1.004115951949428798e+01
1.024720874372450119e+01
1.039629167081523242e+01
1.059391754196895086e+01
1.076991373710955102e+01
1.095666589863054696e+01
1.113304615822289279e+01
1.130337087370989302e+01
1.147471115741836911e+01
1.164958499816335014e+01
1.184576151622939832e+01
1.204745273822997831e+01
1.223594828425768988e+01
1.241680850206456910e+01
1.263651371178557703e+01
1.132452179538876003e+01
1.153026515075013947e+01
1.171124454010735683e+01
1.190234455463333418e+01
1.205291593211398649e+01
1.223498561640172433e+01
1.238645863118921753e+01
1.260587210753494958e+01
1.130758243426841503e+01
1.148695508880286376e+01
1.165069244475246002e+01
1.185482644286614118e+01
1.199966706451882281e+01
1.218292054759950105e+01
1.235039530251268403e+01
1.258290138467922148e+01
1.276695168190236096e+01
1.297364164979523871e+01
1.317874715377125128e+01
1.336808840517718977e+01
1.353157799395818373e+01
1.373635311992613417e+01
1.394805284744322016e+01
1.414072276432828090e+01
1.282286294125469084e+01
1.301211616961137629e+01
1.321737003155597279e+01
1.341608907518878446e+01
1.360282399709591061e+01
1.378570170931635097e+01
1.400530175225726914e+01
1.418481838416470175e+01
1.437224611832356125e+01
1.454325577329451313e+01
1.476564649676216412e+01
1.496123581081079124e+01
1.517007556110298516e+01
1.535855612514996338e+01
1.554980979505160477e+01
1.575082329188954056e+01
1.596405108003125228e+01
1.617660380937695663e+01
1.634866092705501117e+01
1.653778491959112529e+01
1.672705893101961294e+01
1.694415112651811128e+01
1.712256638580070245e+01
1.733523255021600917e+01
1.750423430182566165e+01
1.769699063639743031e+01
1.785986516333373686e+01
2.701939780401357893e+01
2.717433812617687394e+01
2.732780189219890588e+01
2.745288950474465040e+01
2.760267687011070592e+01
2.769966572673543581e+01
2.783260063927447092e+01
2.792645196518838802e+01
2.802574111819966163e+01
2.810884919458029785e+01
2.825710539336258620e+01
2.837325584849249438e+01
2.848702447327909582e+01
2.858313763273437047e+01
2.874425972143917107e+01
2.886694471302080345e+01
2.897878668556218784e+01
2.909119031353583296e+01
2.924074575603713200e+01
2.936525139746316881e+01
2.947193948510568617e+01
2.957639148333197809e+01
2.972910666058762530e+01
2.985239794925700707e+01
2.997783829475402584e+01
3.007649511374163254e+01
3.022255181167340865e+01
3.037049953358532406e+01
3.049111556854855465e+01
3.061600606991073903e+01
3.076234704043966062e+01
3.090309945975914374e+01
3.104510493898386159e+01
3.119244317614286999e+01
3.134526578152699017e+01
3.148692317039305877e+01
3.163934179996228835e+01
3.176453214241859158e+01
3.195468996512980198e+01
3.210442968378763595e+01
3.225100163903513817e+01
3.236236627059562920e+01
3.253237072534212615e+01
3.270471720458259313e+01
2.830912883617884290e+01
2.845181149047042624e+01
2.863174765978065395e+01
2.875906024644249825e+01
2.890923746642070569e+01
2.907674733088257923e+01
2.926358770661625641e+01
2.943755952180959667e+01
2.960480703365855248e+01
2.676490468992700400e+01
2.693905408941391499e+01
2.708360289057301529e+01
2.724077957786238713e+01
2.743681159135890724e+01
2.761984652598550483e+01
2.778734220224771789e+01
2.794464395936295986e+01
2.813250772807315059e+01
2.829746617991008506e+01
2.844950636252634624e+01
2.859308824843790831e+01
2.877692861844645478e+01
2.894134348800685430e+01
2.910149058996347193e+01
2.928689679114848943e+01
2.946015301212342763e+01
2.963780031016644401e+01
2.981714947005548666e+01
3.000632512846561539e+01
3.019893673199715067e+01
3.034799215115241466e+01
3.054141448434724992e+01
3.069552874768845996e+01
3.091228770595258979e+01
3.108892236757197125e+01
3.129737060649883063e+01
3.146714467643550250e+01
3.164810607055205338e+01
3.184112758138411436e+01
3.202941752088446492e+01
3.223462045824818745e+01
3.238901902553683243e+01
3.258873880446855509e+01
3.274916827078335047e+01
3.003905515759144151e+01
3.021614472970399490e+01
2.894864245838553174e+01
2.915099307746102753e+01
2.937874189559687821e+01
2.957287466398927123e+01
2.976602116080947624e+01
2.999347407371256580e+01
3.018755468471406189e+01
3.041885639425032650e+01
3.060722345321388005e+01
3.083332511278154087e+01
3.104844679058818002e+01
3.126650076747173301e+01
3.151309843361068985e+01
3.175238078203285852e+01
3.201047966779580634e+01
3.223506687658926495e+01
3.249999855388615089e+01
3.272243636783428400e+01
3.293417148559628771e+01
3.318215770836803813e+01
3.340463364625058773e+01
3.360797548376048383e+01
3.384533857717782723e+01
3.406295443038484905e+01
3.430435373319614456e+01
3.453635388533816553e+01
3.474911254076086919e+01
3.489418493971056989e+01
3.508240635862781431e+01
3.531143778397701993e+01
3.551690420602164977e+01
3.570665579956520475e+01
3.593353127798397395e+01
3.616039366984201564e+01
3.632543489369006551e+01
3.650183129732074150e+01
3.670937767545296992e+01
3.690467328772815847e+01
3.710023251433739233e+01
3.729304030245813095e+01
3.751798670326053298e+01
3.341723710608194153e+01
3.360811860935447726e+01
3.379501654938685107e+01
3.403201351504118577e+01
3.420839376451652925e+01
3.439555011748957014e+01
3.459217360430359633e+01
3.479292496640930210e+01
3.497841822300780024e+01
3.518964780321312702e+01
3.537881122729478278e+01
3.557224847303607618e+01
3.576838762899522806e+01
3.595633925361249084e+01
3.618415966691267727e+01
3.634926292411671511e+01
3.655336917330647140e+01
3.674254177425567036e+01
3.695129399751089494e+01
3.715317808565092150e+01
3.733426157510182719e+01
3.755377077622222259e+01
3.774250151017881905e+01
3.797422024822989073e+01
3.817437244279126674e+01
3.839070202441081392e+01
3.856128113754360953e+01
3.873151563244843487e+01
3.890085920855323565e+01
3.911491968690636156e+01
3.929884910614410387e+01
3.951035141297892039e+01
3.971557705414831219e+01
3.992472850510129945e+01
4.013702480935029371e+01
4.033483803818644731e+01
4.053391510297318945e+01
4.072987529576654708e+01
4.094669964070754986e+01
4.115534109946379004e+01
4.137307721600973309e+01
4.158269305026461637e+01
4.179938292960668633e+01
4.202381119856518410e+01
4.221250810658636965e+01
4.243553202971333604e+01
4.263557941125333883e+01
4.286656240045381594e+01
4.304783813836525752e+01
4.324067350430041756e+01
4.345696019386593179e+01
4.366793817107367204e+01
4.386282204102644755e+01
4.404035756244527988e+01
4.426896886544724197e+01
4.444566252091309622e+01
4.469898339263570364e+01
4.488270367291718088e+01
4.510686210279430952e+01
4.528694596376384851e+01
4.551729654693027527e+01
4.574695125263652073e+01
4.595764311937915636e+01
4.615653316325746403e+01
4.636491288075136907e+01
4.660287709453383087e+01
4.680407032386241895e+01
4.703894168026963030e+01
4.724252313074450882e+01
4.747812611272306071e+01
4.765390750684842658e+01
4.788070410841235258e+01
4.809839537071218984e+01
4.829145290801867674e+01
4.849692239337629474e+01
4.869560401914552727e+01
4.892882242430935946e+01
4.911892865248444195e+01
4.934204282733720248e+01
4.953903263524694012e+01
4.972543236535888411e+01
4.992281239533932791e+01
5.012434237391089908e+01
5.034705319348141472e+01
5.052804676967849673e+01
5.074435220333979402e+01
5.092900838311052780e+01
5.114262758755138094e+01
5.130882907323787379e+01
5.152862073570941703e+01
5.171035430969168800e+01
5.190478968267478166e+01
5.208730501382851941e+01
5.227650697836284621e+01
5.249458339394055884e+01
5.269064230719613562e+01
5.287700812654493632e+01
5.307184335566576294e+01
5.327929897118785618e+01
5.345621573869180310e+01
5.364443070013389558e+01
5.382321532888712312e+01
5.404272875536297960e+01
5.420556925333882958e+01
5.438820639819270752e+01
5.457265212466369775e+01
5.480292960426741189e+01
5.498000697425670324e+01
5.519827526305580534e+01
5.540798222805479156e+01
5.561171894995317899e+01
5.580326905998808940e+01
5.599165260727567528e+01
5.623285070487881399e+01
5.641728911079958664e+01
5.665261901290858759e+01
5.684478886503461581e+01
1.055892555417077290e+02
1.057819413951914669e+02
1.059793826418288063e+02
1.061790731669563286e+02
1.063546655954501716e+02
1.065208343188152895e+02
1.066870824366898916e+02
1.068833728221892869e+02
1.070611822933378647e+02
1.072288147956788009e+02
1.074037756835788997e+02
1.075888510883389415e+02
1.077235369408569312e+02
1.078612111272442888e+02
1.080215152444789624e+02
1.082028740886903933e+02
1.083158996525192919e+02
1.084393942337452472e+02
1.085556358011184273e+02
1.087218038452787710e+02
1.088802119191997662e+02
1.090312279068000834e+02
1.091947557845889492e+02
1.093991276557621575e+02
1.095799732658038579e+02
1.098185313617308907e+02
1.099859140856582798e+02
1.102213731678155568e+02
1.103774043666376912e+02
1.105913616448193721e+02
1.108035113571073111e+02
1.110253817695372049e+02
1.112069871479735781e+02
1.113894109560214929e+02
1.116162581806962351e+02
1.118105779572629217e+02
1.120109810754080826e+02
1.121891737306227839e+02
1.124304763497213884e+02
1.126271104604072235e+02
1.128497882953213889e+02
1.131023319212897889e+02
1.132955899596623226e+02
1.134954032102689467e+02
1.137085841443053198e+02
1.139468783240294840e+02
1.141706968203751131e+02
1.143889761295481122e+02
1.146393886965703217e+02
1.148380276872695447e+02
1.150529094680182993e+02
1.152547681857704163e+02
1.154975738000008789e+02
1.156650710347861519e+02
1.158494416025621945e+02
1.160795847391679558e+02
1.162969297296891398e+02
1.164954032852354970e+02
1.167027275252738718e+02
1.169427334497851518e+02
1.171517425642268506e+02
1.173526746114351198e+02
1.175463686491054176e+02
1.177795532715081350e+02
1.179962039461691035e+02
1.181954401000225374e+02
1.184113736201739187e+02
1.186178160961190287e+02
1.188510712691417268e+02
1.190435227731419729e+02
1.192981686766328977e+02
1.194942617448229498e+02
1.196884649331671397e+02
1.198612273869223515e+02
1.200749627073526682e+02
1.202280604230800236e+02
1.203168461468676895e+02
1.202687425931548972e+02
1.202176378444162452e+02
1.201885456099413858e+02
1.201417760263718151e+02
1.201108070678899935e+02
1.200724840028093894e+02
1.199898210129351810e+02
1.199195142226188011e+02
1.198704744420997770e+02
1.198221577528356931e+02
1.197231335179222071e+02
1.196810310006955405e+02
1.196588649721005453e+02
1.195692908774288981e+02
1.194909881693619695e+02
1.194365655987371326e+02
1.193954130812500694e+02
1.193112809222590442e+02
1.192540301410207775e+02
1.192105259004464131e+02
1.191590184141435174e+02
1.190753452890329385e+02
1.190155593653710611e+02
1.189806034861148589e+02
1.189300276392131224e+02
1.188623791286739504e+02
1.188326502093458430e+02
1.187762047289228775e+02
1.186805784979495115e+02
1.186300620450758174e+02
1.185944585955609369e+02
1.185138441786165231e+02
1.184402735510979596e+02
1.183972567550180486e+02
1.183397683616641842e+02
1.182351798756841532e+02
1.181690325033253828e+02
1.181178065562743456e+02
1.180520021833463176e+02
1.179846024180083646e+02
1.179361188880537412e+02
1.178595645866726898e+02
1.177775491509636652e+02
1.177112068127920566e+02
1.176703526385019245e+02
1.175814372017437961e+02
1.175264196978864106e+02
1.174913167477974980e+02
1.174084532301601058e+02
1.173375136340188476e+02
1.173014255683725935e+02
1.172466480320505013e+02
1.171630038820473345e+02
1.171094101418328535e+02
1.170840338577212378e+02
1.170216216231720523e+02
1.169471088832396362e+02
1.169093863051538449e+02
1.168802231233297277e+02
1.168003159374841999e+02
1.167373000109643186e+02
1.167105495111592575e+02
1.166716073041825581e+02
1.166070835068765774e+02
1.165692102895817612e+02
1.165555248224641076e+02
1.164711762530415342e+02
1.164151629268489643e+02
1.163873378122417108e+02
1.163386931150136832e+02
1.162820877769465824e+02
1.162654045788691377e+02
1.162417162463277975e+02
1.161678168625244894e+02
1.161219769501507528e+02
1.161130044004614916e+02
1.160605231842180842e+02
1.159782288692540675e+02
1.159378112596774884e+02
1.159120254877880996e+02
1.158239976646741951e+02
1.157821913629800008e+02
1.157905208335881468e+02
1.157777749987432685e+02
1.156966908584441853e+02
1.156833827568644750e+02
1.156847675282071890e+02
1.156352516121588820e+02
1.155838590767791487e+02
1.155640692656168085e+02
1.155632610167800607e+02
1.155105197599642963e+02
1.154750178640598932e+02
1.154612528360672030e+02
1.154055592867303233e+02
1.153702268819776151e+02
1.153426625047586782e+02
1.152909409571107346e+02
1.152435687082927700e+02
1.152341924492836682e+02
1.152178560180474278e+02
1.151592564203771758e+02
1.151396744039261790e+02
1.151239466424520401e+02
1.151081230313281196e+02
1.150559220182797731e+02
1.150480122146099689e+02
1.150369760598353679e+02
1.149739615680120295e+02
1.149363330473683362e+02
1.149327090971782468e+02
1.149089360223039336e+02
1.148593847059736106e+02
1.148593050092247978e+02
1.148281846294093924e+02
1.147802732842283007e+02
1.147794040167775620e+02
1.147615961988743578e+02
1.147001685530232464e+02
1.146729823606598728e+02
1.146747628586696379e+02
1.146284673473426636e+02
1.145937023637663970e+02
1.145998255641759158e+02
1.145987275909630654e+02
1.145727027502108655e+02
1.145624056557448682e+02
1.145676355149381749e+02
1.145301044876692629e+02
1.144860136610792125e+02
1.144936325136820727e+02
1.145072227718583946e+02
1.144548805627167383e+02
1.144377164024957949e+02
1.144635637166082915e+02
1.144694885741297696e+02
1.144239460856790629e+02
1.144202823516608589e+02
1.144445370195633416e+02
1.144090722358977388e+02
1.143804281944383803e+02
1.144174999592006117e+02
1.144106335653056590e+02
1.143761054615142569e+02
1.143830464331086887e+02
1.143948377150477995e+02
1.143700409872070480e+02
1.143766781539961670e+02
1.143968243451560625e+02
1.143926310564290389e+02
1.143446012491731523e+02
1.143508129865045220e+02
1.143702217330067157e+02
1.143593215793248987e+02
1.143325929848969764e+02
1.143319618333219552e+02
1.143529129296671982e+02
1.143363506508190000e+02
1.143062250492405667e+02
1.143127698999382318e+02
1.143393474350517351e+02
1.143130141511352491e+02
1.142941435350670929e+02
1.143320344414706256e+02
1.143342520979410892e+02
1.143043719077647182e+02
1.143345123260189098e+02
1.143598152047257202e+02
1.143391713735310589e+02
1.143478837901622001e+02
1.143801166675565213e+02
1.143785423700052348e+02
1.143530947751571460e+02
1.143823590594845570e+02
1.144339496452283100e+02
1.144254827345922081e+02
1.143979171057115565e+02
1.144140128240018868e+02
1.144329973747322100e+02
1.144154521410794274e+02
1.144243191700145417e+02
1.144327991399351419e+02
1.143993332518106172e+02
1.143198915080447193e+02
1.142551209388098670e+02
8.933756481632622126e+01
9.031039646865444581e+01
9.024691551759389085e+01
9.023218199099976289e+01
9.022560290504942770e+01
9.008599765674948401e+01
8.992511873342780859e+01
8.976627053419647950e+01
8.962255011343330580e+01
8.946925416615364668e+01
8.926602042266567594e+01
8.906562397764622574e+01
8.889490185201427153e+01
8.870101547543065124e+01
8.851558273076982175e+01
8.829543011695326982e+01
8.814359610181132609e+01
8.796865708070463086e+01
8.779766542728972922e+01
8.759551065003817882e+01
8.743282520431684190e+01
8.721233525943216591e+01
8.705134334785033445e+01
8.684905650593793780e+01
8.669836532922997208e+01
8.650019400364718081e+01
8.631844527324261662e+01
8.612202420788500490e+01
8.594269207369450214e+01
8.572989917770860302e+01
8.554418438359373056e+01
8.538658434460921853e+01
8.517655428823437092e+01
8.499143115841239648e+01
8.476544960752181623e+01
8.458014488059708924e+01
8.435352332254295504e+01
8.416550262027216434e+01
8.393522456887863825e+01
8.376840328305233641e+01
8.355053458786491660e+01
8.336710907188587782e+01
8.319159222560500666e+01
8.300889129546462186e+01
8.279089685855207392e+01
8.260341088767977169e+01
8.244156535331978830e+01
8.227291364429331111e+01
8.208136168993331694e+01
8.185755432010265054e+01
8.167275641388947349e+01
8.145395833714587752e+01
8.125599518944153488e+01
8.109904573540336514e+01
8.098017292567658387e+01
8.081884875307599714e+01
8.061229433018087320e+01
8.041915328794033258e+01
8.023513623825434138e+01
8.000910835183546510e+01
7.981742994988117346e+01
7.961301434812440903e+01
7.946204645134017142e+01
7.922331646854034659e+01
7.903896312329706575e+01
7.883945188746764643e+01
7.865489492606312183e+01
7.846473344299513997e+01
7.827739600830504685e+01
7.813416262116159317e+01
7.799107466400471367e+01
7.781003329441031724e+01
7.762912821586854761e+01
7.749285504376102551e+01
1.007033684416920067e+02
1.005410061682552225e+02
1.003340350659627660e+02
1.001668669972363404e+02
9.993990052132933499e+01
9.975982580661928978e+01
9.955555632320378834e+01
9.940916315314996154e+01
9.918663545105918899e+01
9.898103366122255409e+01
9.879595344888802799e+01
9.856725879956752578e+01
9.835863780953344815e+01
9.812382247244259759e+01
9.792920515401146986e+01
9.769098738479198119e+01
9.747003042520742611e+01
9.725171466598551717e+01
9.702752334604848272e+01
9.680049840886958634e+01
9.653454563525484389e+01
9.632789704767000671e+01
9.607592209629983415e+01
9.586542790313822593e+01
9.566543110993768551e+01
9.548627531472759244e+01
9.527332834246691107e+01
9.506101639051448160e+01
9.488288650966997295e+01
9.467801635966279150e+01
9.446571673651700962e+01
9.424156827006071069e+01
9.403759835840961046e+01
9.382080965060963251e+01
9.361071930676791908e+01
9.336476842500898954e+01
9.316121191893252274e+01
9.293038800285417267e+01
9.275368741964156527e+01
9.254596374713948137e+01
9.236940707222323965e+01
9.214088408249837414e+01
9.193486074671206154e+01
9.172709802175783977e+01
9.156527984278413612e+01
9.132093371965731876e+01
9.113663214010811942e+01
9.088707868322350691e+01
9.070306708999407874e+01
9.045110367963617648e+01
9.021253616850955837e+01
9.003558029831282283e+01
8.985472016070022505e+01
8.968684945748677251e+01
8.949015923682301832e+01
8.930862082524610912e+01
8.911126709502886456e+01
8.890994419923266889e+01
8.868913267295737057e+01
8.850051100174354701e+01
8.827286128153129141e+01
8.806932702128632684e+01
8.787195468974009316e+01
8.768236271745303156e+01
8.747120921897122514e+01
8.725331794822616871e+01
8.705692973260303802e+01
8.686427780684627464e+01
8.667075929098812992e+01
8.645407180055167373e+01
8.628077682879514043e+01
8.609058481260844076e+01
8.590073872526596688e+01
8.569288679836117240e+01
8.553608437553580757e+01
8.537384643391307293e+01
8.524049373783986994e+01
8.508399431377804945e+01
8.495747630551198881e+01
8.477572695951633364e+01
8.462780087331765344e+01
8.447266855468274116e+01
8.436316335674068512e+01
8.420643317159390051e+01
8.404515652326294628e+01
8.390272840007452260e+01
8.376837338317122317e+01
8.358974839191884598e+01
8.341054017786325403e+01
8.324338252565159735e+01
8.310848410216070192e+01
8.293622341964940858e+01
8.280354554252889443e+01
8.266081506060042727e+01
8.254269182170446584e+01
8.237987887869651615e+01
8.223265658859241967e+01
8.207537241892423197e+01
8.194990780814316622e+01
8.178436599449682376e+01
8.164415676944588540e+01
8.147734278043701295e+01
8.132993079609924791e+01
8.115318414844128370e+01
8.101966524903060929e+01
8.085514966726456976e+01
8.071224223740861703e+01
8.055408063195383761e+01
8.041784828019491727e+01
8.026204780376247072e+01
8.012081749426717181e+01
7.995862476022088572e+01
7.982252649733631245e+01
7.965801982931184000e+01
7.954265781402352786e+01
7.937082101604585205e+01
7.924245619961162390e+01
7.908152531994221590e+01
7.894397655637676792e+01
7.882411558701143406e+01
7.872054017814149063e+01
7.858891348505626695e+01
7.847349853266895536e+01
7.839011973012161150e+01
7.823495070895707215e+01
7.812672059753229803e+01
7.797978546674559652e+01
7.788316672780166527e+01
7.775516664379664178e+01
7.760987201801054880e+01
7.749819750867357016e+01
7.733693798267350417e+01
7.723209532444266756e+01
7.707181352473779157e+01
7.694158338828370347e+01
7.678245841517110648e+01
7.663416386337070207e+01
7.647694176344776906e+01
7.632354361163926626e+01
7.617244198580931425e+01
7.598480973287819040e+01
7.583934639955194257e+01
7.565342170756757412e+01
7.551086306676988613e+01
7.531029792731321493e+01
7.517686396928459658e+01
7.499335958912685385e+01
7.485871021816714688e+01
7.467712232404817030e+01
7.451953514372166865e+01
7.435689158667908316e+01
7.418687647953819919e+01
7.402345188888854466e+01
7.385082040866134889e+01
7.371133461602269676e+01
7.352312461654766196e+01
7.336192323572244334e+01
7.316945297743041010e+01
7.304459643796037938e+01
7.283647137338948596e+01
7.268714596896107594e+01
7.247832375564695440e+01
7.232607881331701094e+01
7.212606442363762937e+01
7.196258904868797401e+01
7.177083656612269635e+01
7.164884796070565187e+01
7.145724674452381464e+01
7.130171049639345426e+01
7.110430440983222411e+01
7.097511918070728143e+01
7.080359111131282646e+01
7.067577829628720565e+01
7.051322216573349522e+01
