1.236666254988616313e-02
1.236666254988616313e-02
1.236666254988616313e-02
1.236666254988616313e-02
1.236666254988616313e-02
1.499315304874712984e+00
1.499315304874712984e+00
1.499315304874712984e+00
1.499315304874712984e+00
1.499315304874712984e+00
1.236666254988616313e-02
1.236666254988616313e-02
1.236666254988616313e-02
1.236666254988616313e-02
1.236666254988616313e-02
1.236666254988616313e-02
1.499315304874712984e+00
1.499315304874712984e+00
1.499315304874712984e+00
1.499315304874712984e+00
1.499315304874712984e+00
1.499315304874712984e+00
1.499315304874712984e+00
1.236666254988616313e-02
1.236666254988616313e-02
1.236666254988616313e-02
1.236666254988616313e-02
1.236666254988616313e-02
1.236666254988616313e-02
1.236666254988616313e-02
1.236666254988616313e-02
1.236666254988616313e-02
1.499315304874712984e+00
1.499315304874712984e+00
1.499315304874712984e+00
1.499315304874712984e+00
1.499315304874712984e+00
1.499315304874712984e+00
1.499315304874712984e+00
1.499315304874712984e+00
1.499315304874712984e+00
1.499315304874712984e+00
1.499315304874712984e+00
1.236666254988616313e-02
8.225492228472729497e-03
1.245132147007254296e-02
9.586904215081465050e-03
1.149342394517227639e-02
1.596515658757888256e-02
1.207973868310239889e-02
1.262428515128970544e-02
1.262428515128970544e-02
1.262428515128970544e-02
1.262428515128970544e-02
1.262428515128970544e-02
1.262428515128970544e-02
1.262428515128970544e-02
1.236666254988616313e-02
1.236666254988616313e-02
1.236666254988616313e-02
1.236666254988616313e-02
1.236666254988616313e-02
1.236666254988616313e-02
1.236666254988616313e-02
6.499617282209911757e-03
4.754306649403392850e-03
7.491241844888261829e-03
9.247443049535990917e-03
9.645920475359486684e-03
8.532378663520035975e-03
6.046890807069526738e-03
8.452460174717766478e-03
5.515857023000334154e-03
6.155366003885894000e-03
7.963582331406178841e-03
5.578626636848072265e-03
9.915782924233645934e-03
9.912201453471833693e-03
1.140125650356242290e-02
1.145699345998322724e-02
1.200358611715594478e-02
2.104606890816243438e-03
9.851705727076798258e-02
2.078723628766945553e-01
3.851042869133624591e-01
6.072155829836070051e-01
6.730701448944936827e-01
4.536185939239548714e-01
2.393465583050103374e-01
1.490480679159757738e-01
3.489831121579625162e-01
7.564515993003303462e-01
1.120551310894800645e+00
1.492074441387130301e+00
1.886962983907153557e+00
8.066851452659957733e-01
1.222226561164081682e+00
1.622212046224820403e+00
2.048234733469493030e+00
2.482973345746711580e+00
2.886630490585310405e+00
3.279352686979618348e+00
3.612325666501532417e+00
2.461416740198449915e+00
2.810879900385173435e+00
3.084717776966731773e+00
3.303174632619230611e+00
3.457906311083867923e+00
3.681559623135793657e+00
2.356924675584180395e+00
1.070182071216724706e+00
1.242978494287229063e+00
1.916180899303647767e-01
2.005524462028957788e-01
3.014378753557592772e-01
3.992808584458730770e-01
4.987619719574988841e-01
9.773024082969173909e-01
8.425147180503554933e-01
6.628909003263361299e-01
5.007110588356125103e-01
3.533803449807121910e-01
3.019518278675174527e-01
2.887270671092141416e-01
4.063129459386027875e-01
6.103207773074224018e-01
7.953281339807187766e-01
1.004719460484771121e+00
1.202905751139762724e+00
1.297805350541521685e+00
1.319253887897742228e+00
1.333585051206220840e+00
1.366565180730785478e+00
3.708859178525262812e-01
3.731276792246547847e-01
5.334072126370728029e-01
7.321509893480043774e-01
7.032580556079381928e-01
5.153259311771855034e-01
4.125383012728643384e-01
4.275700188609302121e-01
6.274164612334878210e-01
8.970279786861836691e-01
1.157316574788924912e+00
1.428561006310362425e+00
1.681740137859764062e+00
1.957265023537961612e+00
2.261398263281102494e+00
2.507620424243211854e+00
2.742495252799783234e+00
1.516809659548375100e+00
1.734941112333002522e+00
2.018981286009605025e+00
2.302807115834801799e+00
2.565580172857170993e+00
2.858183118149120183e+00
3.148598643208260217e+00
1.947828439408696655e+00
3.689470892032162830e+00
3.991781867801936112e+00
2.790028844655439766e+00
3.094204431119607523e+00
1.912053011189162710e+00
2.190529393304880834e+00
1.044924548515571816e+00
6.608689345381366653e-01
5.905266427981729072e-01
6.484193327165592713e-01
8.333566776156255962e-01
1.082455954751708749e+00
1.350256399372774307e+00
1.615466549252388972e+00
1.923087150002143142e+00
2.206546909749140806e+00
1.086403479615098089e+00
1.348611608185937616e+00
1.615315618123750463e+00
6.839016493437094502e-01
8.803551942740502900e-01
1.127002301787714211e+00
1.398084419613164098e+00
1.688278749330924589e+00
7.650066370443370234e-01
9.752875126758356883e-01
1.212606336076086588e+00
1.486949078586512929e+00
1.742722854088052609e+00
3.508948441965814347e+00
3.829239581628587796e+00
2.654886500322273690e+00
2.966746418395490359e+00
3.280151145050335337e+00
3.530377700032396593e+00
3.805856843877487350e+00
4.081526741793517488e+00
2.892509452429969929e+00
3.179320983242255316e+00
2.024693874404607463e+00
1.019097162696552150e+00
1.245996881119680877e+00
1.464967859891532331e+00
1.707963723850864035e+00
2.000368138712352639e+00
2.282564664684253675e+00
1.201634340597974582e+00
1.412645070258987889e+00
1.643679095074294771e+00
1.888247722388055161e+00
2.198791530643545045e+00
2.507375132787606820e+00
2.785689188676988337e+00
3.075632795184462420e+00
3.360447223076914014e+00
3.629650733618780212e+00
3.940437726068156010e+00
4.261703530082483482e+00
3.113723231191670049e+00
2.019914511907584309e+00
2.323732165383883608e+00
2.636108465607614360e+00
2.947730245530005178e+00
3.220034955721578829e+00
3.500593374675203151e+00
3.786821913574372811e+00
2.659592746733987489e+00
2.954181482676318193e+00
3.263249734738803198e+00
3.546378536876708676e+00
3.873535268802321241e+00
4.151033028673908554e+00
4.460515236535645300e+00
4.742346715817242320e+00
5.035912187171582843e+00
3.861123630399735163e+00
4.148510604761368903e+00
3.038534545915295038e+00
1.971020914178621020e+00
2.245027182371152730e+00
1.341232171691889130e+00
1.536309840750407441e+00
1.766533929208663700e+00
2.021591869320358725e+00
2.263952620307136954e+00
2.568318903081994620e+00
2.832681190955473216e+00
1.783761188430158962e+00
2.080814239436463708e+00
2.354614197345720861e+00
1.410700268104792432e+00
1.635741001669610561e+00
1.188346275963419574e+00
1.175795953047187981e+00
1.267932138543163445e+00
1.414932125587549550e+00
1.617901354548352932e+00
1.883750643222207977e+00
2.109950867609177383e+00
2.358619528727811776e+00
2.676890169376410444e+00
2.937709342441670035e+00
3.229157667898962636e+00
3.531027425879351700e+00
3.820501176708311686e+00
4.094465060484711927e+00
4.404029394695169408e+00
3.255170392868349527e+00
3.567358394809962086e+00
3.876050970548365004e+00
4.141290316852974662e+00
4.467400780702408980e+00
4.749776903643589954e+00
5.081176393480259179e+00
2.555330272046656859e+00
2.848544843022891460e+00
3.120266484739135482e+00
3.423574414328609539e+00
3.756880852546309324e+00
4.023661629935075368e+00
4.312423285170401854e+00
4.642254791467002484e+00
4.964504116862066496e+00
5.234288549532213786e+00
5.554196906288420443e+00
1.763119601926874225e+00
3.275495461317049273e+00
3.585310657116904220e+00
3.903455388394963421e+00
4.211964428773223190e+00
4.519692915331527061e+00
3.395660648809280424e+00
3.671223400325014374e+00
3.985411757946049960e+00
4.267013908871272854e+00
4.557966309299337659e+00
4.871766396726680881e+00
5.186045055673574211e+00
5.511891190171970933e+00
5.828601074213956679e+00
6.146172355042157420e+00
6.394854909740101512e+00
6.630325375183782732e+00
2.432980557222292450e+00
1.348530079097031598e+00
1.415318208478376416e+00
1.507676134233988163e+00
1.675124412163482956e+00
1.906123636163327806e+00
2.152310189835315857e+00
2.485633868913724065e+00
1.493519508843705657e+00
1.690280646867067471e+00
1.975751535480023469e+00
2.226857548800832198e+00
1.420422650180969582e+00
1.652467415357914637e+00
1.883260061178883005e+00
2.133744601718341460e+00
2.434634861585784016e+00
2.723317765202385665e+00
3.011964501674778028e+00
3.318043714450999104e+00
3.623732430126025417e+00
3.960538258608079953e+00
4.293882651768691439e+00
4.623202047057533903e+00
4.927004547599524109e+00
5.251230479042480859e+00
5.580539304151952429e+00
5.905978269123479230e+00
6.222813909902439100e+00
6.530587728963492822e+00
6.855899186033284742e+00
1.434786516783819543e+01
1.467994636145912501e+01
1.500660401915118669e+01
1.531539091001366693e+01
1.563864415340377256e+01
1.597980355715638190e+01
1.626684344602596966e+01
1.522013388687736324e+01
1.557135683202993626e+01
1.589784302015402417e+01
1.488256927253193673e+01
1.520776007783439177e+01
1.553070707841994746e+01
1.585790775106833372e+01
1.620510674218156666e+01
1.656798575451204414e+01
1.694490384252422643e+01
1.731750718652251919e+01
1.766910393561824932e+01
1.804472535985636839e+01
1.836326022659704904e+01
1.873006635613160142e+01
1.907926888359593320e+01
1.941284000314953673e+01
1.975411255651158271e+01
2.014324949721397218e+01
2.049053588582311036e+01
2.085223913768137294e+01
2.120228994563771963e+01
2.157827165156840010e+01
2.189952725764085173e+01
2.223432757655495351e+01
2.261035738263035455e+01
2.297314494687866215e+01
2.329889245432706701e+01
2.368421728197210996e+01
2.406730233564695709e+01
2.439432534772511474e+01
2.475095127135675099e+01
2.514457743552912916e+01
2.552618608687795998e+01
2.589665457158162809e+01
2.627375185330398466e+01
2.660140282093992781e+01
2.699061300088123261e+01
2.732816554889324934e+01
2.771600887040678529e+01
2.808288527927376421e+01
2.845503461886699625e+01
2.879798244374264371e+01
2.911866695459437793e+01
2.948021901365481767e+01
2.981928371834031921e+01
3.017488062163470630e+01
3.054051470891303666e+01
3.087994267858866948e+01
3.120209353919628370e+01
3.153918887718236519e+01
3.188098641479063033e+01
3.217604461335576360e+01
3.253704179752783432e+01
3.287741882051063413e+01
3.319911614824496127e+01
3.351656929342139790e+01
3.388709003384649776e+01
3.424086351841665987e+01
3.461013969770509391e+01
3.495051736960361666e+01
3.529505999457741439e+01
3.564358162100696603e+01
3.600970034654294949e+01
3.637829470850387281e+01
3.676396085841404471e+01
3.711166390034834706e+01
3.749566312765787046e+01
3.790074026534311713e+01
3.827204840949151077e+01
3.860287663792947654e+01
3.895432464516667892e+01
3.934822674694940758e+01
3.969283155246532147e+01
4.003578721232152304e+01
4.040924767086514890e+01
4.074164269106337599e+01
4.102738048093020495e+01
4.134642109697920631e+01
4.166585297703776547e+01
4.200434681738430243e+01
4.235952689306052577e+01
4.266975497588700961e+01
4.300208091753940209e+01
4.333020245420524219e+01
4.369360929335822163e+01
4.401868001410988995e+01
4.434002082537098488e+01
4.469142841673578914e+01
4.502448927964180569e+01
4.538442989426784635e+01
4.575075347134198722e+01
4.610802398488197440e+01
4.646811020407155013e+01
4.677868706422150780e+01
4.709476658977609276e+01
4.744397212092758309e+01
4.777366613456801048e+01
4.813013234082089298e+01
4.850846310193944788e+01
4.886901988794542717e+01
4.919587221842414237e+01
4.955321199290477807e+01
4.988727977969238481e+01
5.023778306398843796e+01
5.059186046328181163e+01
5.095769567649814746e+01
5.131191593667870876e+01
5.166405057938344214e+01
5.203978031022722206e+01
5.239043807034559563e+01
5.271936133684068437e+01
5.305620359371424399e+01
5.342757200205477375e+01
5.376985499243778577e+01
5.410961626092773713e+01
5.449121497231951849e+01
5.489140216494475766e+01
5.524929695604689783e+01
5.562611142978015266e+01
5.599198585136285544e+01
5.639491646640284728e+01
5.674363814959430385e+01
5.711602422923845523e+01
5.748668156526310469e+01
5.787827942116940250e+01
5.824753028329065074e+01
5.860048455174465687e+01
5.897045068227601661e+01
5.935193253446357886e+01
5.969546363740980155e+01
6.003245823353182686e+01
6.039083476846155207e+01
6.072047682931439994e+01
6.104115943617281204e+01
6.137511223547762995e+01
6.171331097602855920e+01
1.170517843609520838e+02
1.173999271825982333e+02
1.177344546618576544e+02
1.180380596195405758e+02
1.183648722841271166e+02
1.186694828826068147e+02
1.189803759344001577e+02
1.192680903796092622e+02
1.195419284918439899e+02
1.197887577216559691e+02
1.199341873671209839e+02
1.199845682916007803e+02
1.199603823978834072e+02
1.198818960756492658e+02
1.197472716554142806e+02
1.196510663067951441e+02
1.195568458255632436e+02
1.194166006012615355e+02
1.193183839745295813e+02
1.192442038055005895e+02
1.191116240808001550e+02
1.190172239533795988e+02
1.189373103290660652e+02
1.188382072286961630e+02
1.187571445805983927e+02
1.186814591284608866e+02
1.185787984701591000e+02
1.185169247615747707e+02
1.184321709849616582e+02
1.183138695378399774e+02
1.182127351099290848e+02
1.180912225640320798e+02
1.179907286125094856e+02
1.179190076028395993e+02
1.178098575812190489e+02
1.177211123882507451e+02
1.176382770928399708e+02
1.175289577100342626e+02
1.174645069873329390e+02
1.173482507442022609e+02
1.172532407774749856e+02
1.171754005660272355e+02
1.170843996417698065e+02
1.170214316273287238e+02
1.169227884539949684e+02
1.168078022911254692e+02
1.167647780848711392e+02
1.166675745464033156e+02
1.166022993252649371e+02
1.165658344959486641e+02
1.164891705491786951e+02
1.164115701922457617e+02
1.163679409287709206e+02
1.162501274163088851e+02
1.161990962227928748e+02
1.161593692382476206e+02
1.160890142707464605e+02
1.160135372833384508e+02
1.159547199080334963e+02
1.158546226803963322e+02
1.157915425899294490e+02
1.157249021454553883e+02
1.156371781750468557e+02
1.155893178810402446e+02
1.155098968385268421e+02
1.154348176811741808e+02
1.154110126639121319e+02
1.153169064276440992e+02
1.152837291705012319e+02
1.152296638575598280e+02
1.151425768232502378e+02
1.151192411576685544e+02
1.150494436628738413e+02
1.149743237771073012e+02
1.149540415054623992e+02
1.148688622782891002e+02
1.148049878026400847e+02
1.147554290309314666e+02
1.146620516524136804e+02
1.146304186515009889e+02
1.145994280637593619e+02
1.145645771229295917e+02
1.145242787325965566e+02
1.144986065760817695e+02
1.144621834921826320e+02
1.144353711887817298e+02
1.144148841189679331e+02
1.143491830579264956e+02
1.143313385532513848e+02
1.143185738660099418e+02
1.142578244619916035e+02
1.142356138169640190e+02
1.142097464013601495e+02
1.141647195212386094e+02
1.141615646724860795e+02
1.141444019566893076e+02
1.141126838277180440e+02
1.140960944415528218e+02
1.140719328515555020e+02
1.140528017905933353e+02
1.140529555863829785e+02
1.140035269181236401e+02
1.139622039067881616e+02
1.139587455699668652e+02
1.139158840246276867e+02
1.139046058381165949e+02
1.139122257023816616e+02
1.138747179512263443e+02
1.138852532102804105e+02
1.138849973798774471e+02
1.138688318802065851e+02
1.138803631700816226e+02
1.138681968604242911e+02
1.138491400556970632e+02
1.138568070981785638e+02
1.138535601908697572e+02
1.138495525275829721e+02
1.138617716071264852e+02
1.138617254374465375e+02
1.138753738781376228e+02
1.139067380252219550e+02
1.139048057068336277e+02
1.139212903384285909e+02
1.139602421591417425e+02
1.139561070891133454e+02
1.139428253142127403e+02
1.139220924305265044e+02
1.138379842142174141e+02
1.137159049867260023e+02
1.136348127229619251e+02
9.024693118139956027e+01
9.015226461970281946e+01
8.995199800182270167e+01
8.969682712408324221e+01
8.944462362054672155e+01
8.913203258570901255e+01
8.886561847286886007e+01
8.857542027072292967e+01
8.824729250283840543e+01
8.790904933048888381e+01
8.756644059380829503e+01
8.723977683068295619e+01
8.686831182720536049e+01
8.654595892487876085e+01
8.618063167676280045e+01
8.585044240719355457e+01
8.550042526217006866e+01
8.516267948653394626e+01
8.481747514579888048e+01
8.448763343804753845e+01
8.415712304389055021e+01
8.382777239440351025e+01
8.355682467703297789e+01
8.332101633148209885e+01
8.308589386358818274e+01
8.276808719946356518e+01
8.247809023917000104e+01
8.219397074330964870e+01
8.188577211297705105e+01
8.154822891360581139e+01
8.122612965820754027e+01
8.093920390044223723e+01
8.064693509303612018e+01
8.040954073654651779e+01
8.012958055326876661e+01
7.989139689350525941e+01
7.964013789393499110e+01
7.938485967272403343e+01
7.910404050040364154e+01
7.884865783416026375e+01
7.857027207682124015e+01
7.830516010643070501e+01
7.806734383085462525e+01
7.780954173943915464e+01
7.753716540126225709e+01
7.724196166709951683e+01
7.694969408041525583e+01
7.664628921914778914e+01
7.636181571483626840e+01
7.609932919551847874e+01
7.578101007348945473e+01
7.548137720750334267e+01
7.520511006460341719e+01
7.494291201437852123e+01
7.464075660559363712e+01
7.435855280867176020e+01
7.407315715179136362e+01
7.378122235284359931e+01
7.349897009462560504e+01
7.323180174535804099e+01
7.293762310661341530e+01
7.266198095039813154e+01
7.238623174200333210e+01
7.209497613535585003e+01
7.181382634587397717e+01
7.155256900901657957e+01
7.125424379324961421e+01
7.096862726182472159e+01
7.070869356031937514e+01
7.040509609234113952e+01
7.013329289575710845e+01
6.986755529148868504e+01
6.954170442558655907e+01
6.924944597461615103e+01
6.896833705679226512e+01
6.866020242099632753e+01
6.837118214689172646e+01
6.808827005290316947e+01
6.777025602370970603e+01
6.745434846583721367e+01
6.714561971588346978e+01
6.684028033319454210e+01
8.884222070643237146e+01
8.852553862108808858e+01
8.818256481801013535e+01
8.787044540190673558e+01
8.756222685175535503e+01
8.726054454768623714e+01
8.693242129788876582e+01
8.660585900827949501e+01
8.628213223530819675e+01
8.601033954119660052e+01
8.570434763436674075e+01
8.539504460522370266e+01
8.506701034656538241e+01
8.472042701529119313e+01
8.442227025564493204e+01
8.412773195458504460e+01
8.381141677457340222e+01
8.347565536843588063e+01
8.317029638774990019e+01
8.285396006302950411e+01
8.252231391660146187e+01
8.221109996246467233e+01
8.185017315500425639e+01
8.151303455158732447e+01
8.119415264126986642e+01
8.085615343140614186e+01
8.050777488610127364e+01
8.020169763534924812e+01
7.986627793212331028e+01
7.952722058298259356e+01
7.920780122178369709e+01
7.886622231058558441e+01
7.853451852854981041e+01
7.821230290093608062e+01
7.788737732776334610e+01
7.755906116352976198e+01
7.722376057963307971e+01
7.688444234600358129e+01
7.655481491657856452e+01
7.622260465956607334e+01
7.586374928414690544e+01
7.552626467020049006e+01
7.518278055005472993e+01
7.482737159024405571e+01
7.450982918762137786e+01
7.417088896927987207e+01
7.385268403781816460e+01
7.352880205910599898e+01
7.317427171568147060e+01
7.282967330034870201e+01
7.251885779048120639e+01
7.216257086238570650e+01
7.186794953903826411e+01
7.158551601600623826e+01
7.128694407733402727e+01
7.098165806914222742e+01
7.072732895559205701e+01
7.047019662378275484e+01
